&input
 flfrc='nb.888.fc',
 q_in_cryst_coord=.TRUE.,
 asr='simple',
 flfrq='nb.freq',
/
389
    0.0000000000  0.0000000000  0.0000000000 1
    0.0053191489  -0.0053191489  0.0053191489 1
    0.0106382979  -0.0106382979  0.0106382979 1
    0.0159574468  -0.0159574468  0.0159574468 1
    0.0212765957  -0.0212765957  0.0212765957 1
    0.0265957447  -0.0265957447  0.0265957447 1
    0.0319148936  -0.0319148936  0.0319148936 1
    0.0372340426  -0.0372340426  0.0372340426 1
    0.0425531915  -0.0425531915  0.0425531915 1
    0.0478723404  -0.0478723404  0.0478723404 1
    0.0531914894  -0.0531914894  0.0531914894 1
    0.0585106383  -0.0585106383  0.0585106383 1
    0.0638297872  -0.0638297872  0.0638297872 1
    0.0691489362  -0.0691489362  0.0691489362 1
    0.0744680851  -0.0744680851  0.0744680851 1
    0.0797872340  -0.0797872340  0.0797872340 1
    0.0851063830  -0.0851063830  0.0851063830 1
    0.0904255319  -0.0904255319  0.0904255319 1
    0.0957446809  -0.0957446809  0.0957446809 1
    0.1010638298  -0.1010638298  0.1010638298 1
    0.1063829787  -0.1063829787  0.1063829787 1
    0.1117021277  -0.1117021277  0.1117021277 1
    0.1170212766  -0.1170212766  0.1170212766 1
    0.1223404255  -0.1223404255  0.1223404255 1
    0.1276595745  -0.1276595745  0.1276595745 1
    0.1329787234  -0.1329787234  0.1329787234 1
    0.1382978723  -0.1382978723  0.1382978723 1
    0.1436170213  -0.1436170213  0.1436170213 1
    0.1489361702  -0.1489361702  0.1489361702 1
    0.1542553191  -0.1542553191  0.1542553191 1
    0.1595744681  -0.1595744681  0.1595744681 1
    0.1648936170  -0.1648936170  0.1648936170 1
    0.1702127660  -0.1702127660  0.1702127660 1
    0.1755319149  -0.1755319149  0.1755319149 1
    0.1808510638  -0.1808510638  0.1808510638 1
    0.1861702128  -0.1861702128  0.1861702128 1
    0.1914893617  -0.1914893617  0.1914893617 1
    0.1968085106  -0.1968085106  0.1968085106 1
    0.2021276596  -0.2021276596  0.2021276596 1
    0.2074468085  -0.2074468085  0.2074468085 1
    0.2127659574  -0.2127659574  0.2127659574 1
    0.2180851064  -0.2180851064  0.2180851064 1
    0.2234042553  -0.2234042553  0.2234042553 1
    0.2287234043  -0.2287234043  0.2287234043 1
    0.2340425532  -0.2340425532  0.2340425532 1
    0.2393617021  -0.2393617021  0.2393617021 1
    0.2446808511  -0.2446808511  0.2446808511 1
    0.2500000000  -0.2500000000  0.2500000000 1
    0.2553191489  -0.2553191489  0.2553191489 1
    0.2606382979  -0.2606382979  0.2606382979 1
    0.2659574468  -0.2659574468  0.2659574468 1
    0.2712765957  -0.2712765957  0.2712765957 1
    0.2765957447  -0.2765957447  0.2765957447 1
    0.2819148936  -0.2819148936  0.2819148936 1
    0.2872340426  -0.2872340426  0.2872340426 1
    0.2925531915  -0.2925531915  0.2925531915 1
    0.2978723404  -0.2978723404  0.2978723404 1
    0.3031914894  -0.3031914894  0.3031914894 1
    0.3085106383  -0.3085106383  0.3085106383 1
    0.3138297872  -0.3138297872  0.3138297872 1
    0.3191489362  -0.3191489362  0.3191489362 1
    0.3244680851  -0.3244680851  0.3244680851 1
    0.3297872340  -0.3297872340  0.3297872340 1
    0.3351063830  -0.3351063830  0.3351063830 1
    0.3404255319  -0.3404255319  0.3404255319 1
    0.3457446809  -0.3457446809  0.3457446809 1
    0.3510638298  -0.3510638298  0.3510638298 1
    0.3563829787  -0.3563829787  0.3563829787 1
    0.3617021277  -0.3617021277  0.3617021277 1
    0.3670212766  -0.3670212766  0.3670212766 1
    0.3723404255  -0.3723404255  0.3723404255 1
    0.3776595745  -0.3776595745  0.3776595745 1
    0.3829787234  -0.3829787234  0.3829787234 1
    0.3882978723  -0.3882978723  0.3882978723 1
    0.3936170213  -0.3936170213  0.3936170213 1
    0.3989361702  -0.3989361702  0.3989361702 1
    0.4042553191  -0.4042553191  0.4042553191 1
    0.4095744681  -0.4095744681  0.4095744681 1
    0.4148936170  -0.4148936170  0.4148936170 1
    0.4202127660  -0.4202127660  0.4202127660 1
    0.4255319149  -0.4255319149  0.4255319149 1
    0.4308510638  -0.4308510638  0.4308510638 1
    0.4361702128  -0.4361702128  0.4361702128 1
    0.4414893617  -0.4414893617  0.4414893617 1
    0.4468085106  -0.4468085106  0.4468085106 1
    0.4521276596  -0.4521276596  0.4521276596 1
    0.4574468085  -0.4574468085  0.4574468085 1
    0.4627659574  -0.4627659574  0.4627659574 1
    0.4680851064  -0.4680851064  0.4680851064 1
    0.4734042553  -0.4734042553  0.4734042553 1
    0.4787234043  -0.4787234043  0.4787234043 1
    0.4840425532  -0.4840425532  0.4840425532 1
    0.4893617021  -0.4893617021  0.4893617021 1
    0.4946808511  -0.4946808511  0.4946808511 1
    0.5000000000  -0.5000000000  0.5000000000 1
    0.4924242424  -0.4924242424  0.5000000000 1
    0.4848484848  -0.4848484848  0.5000000000 1
    0.4772727273  -0.4772727273  0.5000000000 1
    0.4696969697  -0.4696969697  0.5000000000 1
    0.4621212121  -0.4621212121  0.5000000000 1
    0.4545454545  -0.4545454545  0.5000000000 1
    0.4469696970  -0.4469696970  0.5000000000 1
    0.4393939394  -0.4393939394  0.5000000000 1
    0.4318181818  -0.4318181818  0.5000000000 1
    0.4242424242  -0.4242424242  0.5000000000 1
    0.4166666667  -0.4166666667  0.5000000000 1
    0.4090909091  -0.4090909091  0.5000000000 1
    0.4015151515  -0.4015151515  0.5000000000 1
    0.3939393939  -0.3939393939  0.5000000000 1
    0.3863636364  -0.3863636364  0.5000000000 1
    0.3787878788  -0.3787878788  0.5000000000 1
    0.3712121212  -0.3712121212  0.5000000000 1
    0.3636363636  -0.3636363636  0.5000000000 1
    0.3560606061  -0.3560606061  0.5000000000 1
    0.3484848485  -0.3484848485  0.5000000000 1
    0.3409090909  -0.3409090909  0.5000000000 1
    0.3333333333  -0.3333333333  0.5000000000 1
    0.3257575758  -0.3257575758  0.5000000000 1
    0.3181818182  -0.3181818182  0.5000000000 1
    0.3106060606  -0.3106060606  0.5000000000 1
    0.3030303030  -0.3030303030  0.5000000000 1
    0.2954545455  -0.2954545455  0.5000000000 1
    0.2878787879  -0.2878787879  0.5000000000 1
    0.2803030303  -0.2803030303  0.5000000000 1
    0.2727272727  -0.2727272727  0.5000000000 1
    0.2651515152  -0.2651515152  0.5000000000 1
    0.2575757576  -0.2575757576  0.5000000000 1
    0.2500000000  -0.2500000000  0.5000000000 1
    0.2424242424  -0.2424242424  0.5000000000 1
    0.2348484848  -0.2348484848  0.5000000000 1
    0.2272727273  -0.2272727273  0.5000000000 1
    0.2196969697  -0.2196969697  0.5000000000 1
    0.2121212121  -0.2121212121  0.5000000000 1
    0.2045454545  -0.2045454545  0.5000000000 1
    0.1969696970  -0.1969696970  0.5000000000 1
    0.1893939394  -0.1893939394  0.5000000000 1
    0.1818181818  -0.1818181818  0.5000000000 1
    0.1742424242  -0.1742424242  0.5000000000 1
    0.1666666667  -0.1666666667  0.5000000000 1
    0.1590909091  -0.1590909091  0.5000000000 1
    0.1515151515  -0.1515151515  0.5000000000 1
    0.1439393939  -0.1439393939  0.5000000000 1
    0.1363636364  -0.1363636364  0.5000000000 1
    0.1287878788  -0.1287878788  0.5000000000 1
    0.1212121212  -0.1212121212  0.5000000000 1
    0.1136363636  -0.1136363636  0.5000000000 1
    0.1060606061  -0.1060606061  0.5000000000 1
    0.0984848485  -0.0984848485  0.5000000000 1
    0.0909090909  -0.0909090909  0.5000000000 1
    0.0833333333  -0.0833333333  0.5000000000 1
    0.0757575758  -0.0757575758  0.5000000000 1
    0.0681818182  -0.0681818182  0.5000000000 1
    0.0606060606  -0.0606060606  0.5000000000 1
    0.0530303030  -0.0530303030  0.5000000000 1
    0.0454545455  -0.0454545455  0.5000000000 1
    0.0378787879  -0.0378787879  0.5000000000 1
    0.0303030303  -0.0303030303  0.5000000000 1
    0.0227272727  -0.0227272727  0.5000000000 1
    0.0151515152  -0.0151515152  0.5000000000 1
    0.0075757576  -0.0075757576  0.5000000000 1
    0.0000000000  0.0000000000  0.5000000000 1
    0.0000000000  0.0000000000  0.4924242424 1
    0.0000000000  0.0000000000  0.4848484848 1
    0.0000000000  0.0000000000  0.4772727273 1
    0.0000000000  0.0000000000  0.4696969697 1
    0.0000000000  0.0000000000  0.4621212121 1
    0.0000000000  0.0000000000  0.4545454545 1
    0.0000000000  0.0000000000  0.4469696970 1
    0.0000000000  0.0000000000  0.4393939394 1
    0.0000000000  0.0000000000  0.4318181818 1
    0.0000000000  0.0000000000  0.4242424242 1
    0.0000000000  0.0000000000  0.4166666667 1
    0.0000000000  0.0000000000  0.4090909091 1
    0.0000000000  0.0000000000  0.4015151515 1
    0.0000000000  0.0000000000  0.3939393939 1
    0.0000000000  0.0000000000  0.3863636364 1
    0.0000000000  0.0000000000  0.3787878788 1
    0.0000000000  0.0000000000  0.3712121212 1
    0.0000000000  0.0000000000  0.3636363636 1
    0.0000000000  0.0000000000  0.3560606061 1
    0.0000000000  0.0000000000  0.3484848485 1
    0.0000000000  0.0000000000  0.3409090909 1
    0.0000000000  0.0000000000  0.3333333333 1
    0.0000000000  0.0000000000  0.3257575758 1
    0.0000000000  0.0000000000  0.3181818182 1
    0.0000000000  0.0000000000  0.3106060606 1
    0.0000000000  0.0000000000  0.3030303030 1
    0.0000000000  0.0000000000  0.2954545455 1
    0.0000000000  0.0000000000  0.2878787879 1
    0.0000000000  0.0000000000  0.2803030303 1
    0.0000000000  0.0000000000  0.2727272727 1
    0.0000000000  0.0000000000  0.2651515152 1
    0.0000000000  0.0000000000  0.2575757576 1
    0.0000000000  0.0000000000  0.2500000000 1
    0.0000000000  0.0000000000  0.2424242424 1
    0.0000000000  0.0000000000  0.2348484848 1
    0.0000000000  0.0000000000  0.2272727273 1
    0.0000000000  0.0000000000  0.2196969697 1
    0.0000000000  0.0000000000  0.2121212121 1
    0.0000000000  0.0000000000  0.2045454545 1
    0.0000000000  0.0000000000  0.1969696970 1
    0.0000000000  0.0000000000  0.1893939394 1
    0.0000000000  0.0000000000  0.1818181818 1
    0.0000000000  0.0000000000  0.1742424242 1
    0.0000000000  0.0000000000  0.1666666667 1
    0.0000000000  0.0000000000  0.1590909091 1
    0.0000000000  0.0000000000  0.1515151515 1
    0.0000000000  0.0000000000  0.1439393939 1
    0.0000000000  0.0000000000  0.1363636364 1
    0.0000000000  0.0000000000  0.1287878788 1
    0.0000000000  0.0000000000  0.1212121212 1
    0.0000000000  0.0000000000  0.1136363636 1
    0.0000000000  0.0000000000  0.1060606061 1
    0.0000000000  0.0000000000  0.0984848485 1
    0.0000000000  0.0000000000  0.0909090909 1
    0.0000000000  0.0000000000  0.0833333333 1
    0.0000000000  0.0000000000  0.0757575758 1
    0.0000000000  0.0000000000  0.0681818182 1
    0.0000000000  0.0000000000  0.0606060606 1
    0.0000000000  0.0000000000  0.0530303030 1
    0.0000000000  0.0000000000  0.0454545455 1
    0.0000000000  0.0000000000  0.0378787879 1
    0.0000000000  0.0000000000  0.0303030303 1
    0.0000000000  0.0000000000  0.0227272727 1
    0.0000000000  0.0000000000  0.0151515152 1
    0.0000000000  0.0000000000  0.0075757576 1
    0.0000000000  0.0000000000  0.0000000000 1
    0.0030864198  0.0030864198  0.0030864198 1
    0.0061728395  0.0061728395  0.0061728395 1
    0.0092592593  0.0092592593  0.0092592593 1
    0.0123456790  0.0123456790  0.0123456790 1
    0.0154320988  0.0154320988  0.0154320988 1
    0.0185185185  0.0185185185  0.0185185185 1
    0.0216049383  0.0216049383  0.0216049383 1
    0.0246913580  0.0246913580  0.0246913580 1
    0.0277777778  0.0277777778  0.0277777778 1
    0.0308641975  0.0308641975  0.0308641975 1
    0.0339506173  0.0339506173  0.0339506173 1
    0.0370370370  0.0370370370  0.0370370370 1
    0.0401234568  0.0401234568  0.0401234568 1
    0.0432098765  0.0432098765  0.0432098765 1
    0.0462962963  0.0462962963  0.0462962963 1
    0.0493827160  0.0493827160  0.0493827160 1
    0.0524691358  0.0524691358  0.0524691358 1
    0.0555555556  0.0555555556  0.0555555556 1
    0.0586419753  0.0586419753  0.0586419753 1
    0.0617283951  0.0617283951  0.0617283951 1
    0.0648148148  0.0648148148  0.0648148148 1
    0.0679012346  0.0679012346  0.0679012346 1
    0.0709876543  0.0709876543  0.0709876543 1
    0.0740740741  0.0740740741  0.0740740741 1
    0.0771604938  0.0771604938  0.0771604938 1
    0.0802469136  0.0802469136  0.0802469136 1
    0.0833333333  0.0833333333  0.0833333333 1
    0.0864197531  0.0864197531  0.0864197531 1
    0.0895061728  0.0895061728  0.0895061728 1
    0.0925925926  0.0925925926  0.0925925926 1
    0.0956790123  0.0956790123  0.0956790123 1
    0.0987654321  0.0987654321  0.0987654321 1
    0.1018518519  0.1018518519  0.1018518519 1
    0.1049382716  0.1049382716  0.1049382716 1
    0.1080246914  0.1080246914  0.1080246914 1
    0.1111111111  0.1111111111  0.1111111111 1
    0.1141975309  0.1141975309  0.1141975309 1
    0.1172839506  0.1172839506  0.1172839506 1
    0.1203703704  0.1203703704  0.1203703704 1
    0.1234567901  0.1234567901  0.1234567901 1
    0.1265432099  0.1265432099  0.1265432099 1
    0.1296296296  0.1296296296  0.1296296296 1
    0.1327160494  0.1327160494  0.1327160494 1
    0.1358024691  0.1358024691  0.1358024691 1
    0.1388888889  0.1388888889  0.1388888889 1
    0.1419753086  0.1419753086  0.1419753086 1
    0.1450617284  0.1450617284  0.1450617284 1
    0.1481481481  0.1481481481  0.1481481481 1
    0.1512345679  0.1512345679  0.1512345679 1
    0.1543209877  0.1543209877  0.1543209877 1
    0.1574074074  0.1574074074  0.1574074074 1
    0.1604938272  0.1604938272  0.1604938272 1
    0.1635802469  0.1635802469  0.1635802469 1
    0.1666666667  0.1666666667  0.1666666667 1
    0.1697530864  0.1697530864  0.1697530864 1
    0.1728395062  0.1728395062  0.1728395062 1
    0.1759259259  0.1759259259  0.1759259259 1
    0.1790123457  0.1790123457  0.1790123457 1
    0.1820987654  0.1820987654  0.1820987654 1
    0.1851851852  0.1851851852  0.1851851852 1
    0.1882716049  0.1882716049  0.1882716049 1
    0.1913580247  0.1913580247  0.1913580247 1
    0.1944444444  0.1944444444  0.1944444444 1
    0.1975308642  0.1975308642  0.1975308642 1
    0.2006172840  0.2006172840  0.2006172840 1
    0.2037037037  0.2037037037  0.2037037037 1
    0.2067901235  0.2067901235  0.2067901235 1
    0.2098765432  0.2098765432  0.2098765432 1
    0.2129629630  0.2129629630  0.2129629630 1
    0.2160493827  0.2160493827  0.2160493827 1
    0.2191358025  0.2191358025  0.2191358025 1
    0.2222222222  0.2222222222  0.2222222222 1
    0.2253086420  0.2253086420  0.2253086420 1
    0.2283950617  0.2283950617  0.2283950617 1
    0.2314814815  0.2314814815  0.2314814815 1
    0.2345679012  0.2345679012  0.2345679012 1
    0.2376543210  0.2376543210  0.2376543210 1
    0.2407407407  0.2407407407  0.2407407407 1
    0.2438271605  0.2438271605  0.2438271605 1
    0.2469135802  0.2469135802  0.2469135802 1
    0.2500000000  0.2500000000  0.2500000000 1
    0.2530864198  0.2407407407  0.2530864198 1
    0.2561728395  0.2314814815  0.2561728395 1
    0.2592592593  0.2222222222  0.2592592593 1
    0.2623456790  0.2129629630  0.2623456790 1
    0.2654320988  0.2037037037  0.2654320988 1
    0.2685185185  0.1944444444  0.2685185185 1
    0.2716049383  0.1851851852  0.2716049383 1
    0.2746913580  0.1759259259  0.2746913580 1
    0.2777777778  0.1666666667  0.2777777778 1
    0.2808641975  0.1574074074  0.2808641975 1
    0.2839506173  0.1481481481  0.2839506173 1
    0.2870370370  0.1388888889  0.2870370370 1
    0.2901234568  0.1296296296  0.2901234568 1
    0.2932098765  0.1203703704  0.2932098765 1
    0.2962962963  0.1111111111  0.2962962963 1
    0.2993827160  0.1018518519  0.2993827160 1
    0.3024691358  0.0925925926  0.3024691358 1
    0.3055555556  0.0833333333  0.3055555556 1
    0.3086419753  0.0740740741  0.3086419753 1
    0.3117283951  0.0648148148  0.3117283951 1
    0.3148148148  0.0555555556  0.3148148148 1
    0.3179012346  0.0462962963  0.3179012346 1
    0.3209876543  0.0370370370  0.3209876543 1
    0.3240740741  0.0277777778  0.3240740741 1
    0.3271604938  0.0185185185  0.3271604938 1
    0.3302469136  0.0092592593  0.3302469136 1
    0.3333333333  0.0000000000  0.3333333333 1
    0.3364197531  -0.0092592593  0.3364197531 1
    0.3395061728  -0.0185185185  0.3395061728 1
    0.3425925926  -0.0277777778  0.3425925926 1
    0.3456790123  -0.0370370370  0.3456790123 1
    0.3487654321  -0.0462962963  0.3487654321 1
    0.3518518519  -0.0555555556  0.3518518519 1
    0.3549382716  -0.0648148148  0.3549382716 1
    0.3580246914  -0.0740740741  0.3580246914 1
    0.3611111111  -0.0833333333  0.3611111111 1
    0.3641975309  -0.0925925926  0.3641975309 1
    0.3672839506  -0.1018518519  0.3672839506 1
    0.3703703704  -0.1111111111  0.3703703704 1
    0.3734567901  -0.1203703704  0.3734567901 1
    0.3765432099  -0.1296296296  0.3765432099 1
    0.3796296296  -0.1388888889  0.3796296296 1
    0.3827160494  -0.1481481481  0.3827160494 1
    0.3858024691  -0.1574074074  0.3858024691 1
    0.3888888889  -0.1666666667  0.3888888889 1
    0.3919753086  -0.1759259259  0.3919753086 1
    0.3950617284  -0.1851851852  0.3950617284 1
    0.3981481481  -0.1944444444  0.3981481481 1
    0.4012345679  -0.2037037037  0.4012345679 1
    0.4043209877  -0.2129629630  0.4043209877 1
    0.4074074074  -0.2222222222  0.4074074074 1
    0.4104938272  -0.2314814815  0.4104938272 1
    0.4135802469  -0.2407407407  0.4135802469 1
    0.4166666667  -0.2500000000  0.4166666667 1
    0.4197530864  -0.2592592593  0.4197530864 1
    0.4228395062  -0.2685185185  0.4228395062 1
    0.4259259259  -0.2777777778  0.4259259259 1
    0.4290123457  -0.2870370370  0.4290123457 1
    0.4320987654  -0.2962962963  0.4320987654 1
    0.4351851852  -0.3055555556  0.4351851852 1
    0.4382716049  -0.3148148148  0.4382716049 1
    0.4413580247  -0.3240740741  0.4413580247 1
    0.4444444444  -0.3333333333  0.4444444444 1
    0.4475308642  -0.3425925926  0.4475308642 1
    0.4506172840  -0.3518518519  0.4506172840 1
    0.4537037037  -0.3611111111  0.4537037037 1
    0.4567901235  -0.3703703704  0.4567901235 1
    0.4598765432  -0.3796296296  0.4598765432 1
    0.4629629630  -0.3888888889  0.4629629630 1
    0.4660493827  -0.3981481481  0.4660493827 1
    0.4691358025  -0.4074074074  0.4691358025 1
    0.4722222222  -0.4166666667  0.4722222222 1
    0.4753086420  -0.4259259259  0.4753086420 1
    0.4783950617  -0.4351851852  0.4783950617 1
    0.4814814815  -0.4444444444  0.4814814815 1
    0.4845679012  -0.4537037037  0.4845679012 1
    0.4876543210  -0.4629629630  0.4876543210 1
    0.4907407407  -0.4722222222  0.4907407407 1
    0.4938271605  -0.4814814815  0.4938271605 1
    0.4969135802  -0.4907407407  0.4969135802 1
    0.5000000000  -0.5000000000  0.5000000000 1
