&input
 flfrc='nbti.666.fc',
 q_in_cryst_coord=.TRUE.,
 asr='simple',
 flfrq='nbti.freq',
/
632
    0.0000000000  0.0000000000  0.0000000000 1
    0.0000000000  0.0052083333  0.0000000000 1
    0.0000000000  0.0104166667  0.0000000000 1
    0.0000000000  0.0156250000  0.0000000000 1
    0.0000000000  0.0208333333  0.0000000000 1
    0.0000000000  0.0260416667  0.0000000000 1
    0.0000000000  0.0312500000  0.0000000000 1
    0.0000000000  0.0364583333  0.0000000000 1
    0.0000000000  0.0416666667  0.0000000000 1
    0.0000000000  0.0468750000  0.0000000000 1
    0.0000000000  0.0520833333  0.0000000000 1
    0.0000000000  0.0572916667  0.0000000000 1
    0.0000000000  0.0625000000  0.0000000000 1
    0.0000000000  0.0677083333  0.0000000000 1
    0.0000000000  0.0729166667  0.0000000000 1
    0.0000000000  0.0781250000  0.0000000000 1
    0.0000000000  0.0833333333  0.0000000000 1
    0.0000000000  0.0885416667  0.0000000000 1
    0.0000000000  0.0937500000  0.0000000000 1
    0.0000000000  0.0989583333  0.0000000000 1
    0.0000000000  0.1041666667  0.0000000000 1
    0.0000000000  0.1093750000  0.0000000000 1
    0.0000000000  0.1145833333  0.0000000000 1
    0.0000000000  0.1197916667  0.0000000000 1
    0.0000000000  0.1250000000  0.0000000000 1
    0.0000000000  0.1302083333  0.0000000000 1
    0.0000000000  0.1354166667  0.0000000000 1
    0.0000000000  0.1406250000  0.0000000000 1
    0.0000000000  0.1458333333  0.0000000000 1
    0.0000000000  0.1510416667  0.0000000000 1
    0.0000000000  0.1562500000  0.0000000000 1
    0.0000000000  0.1614583333  0.0000000000 1
    0.0000000000  0.1666666667  0.0000000000 1
    0.0000000000  0.1718750000  0.0000000000 1
    0.0000000000  0.1770833333  0.0000000000 1
    0.0000000000  0.1822916667  0.0000000000 1
    0.0000000000  0.1875000000  0.0000000000 1
    0.0000000000  0.1927083333  0.0000000000 1
    0.0000000000  0.1979166667  0.0000000000 1
    0.0000000000  0.2031250000  0.0000000000 1
    0.0000000000  0.2083333333  0.0000000000 1
    0.0000000000  0.2135416667  0.0000000000 1
    0.0000000000  0.2187500000  0.0000000000 1
    0.0000000000  0.2239583333  0.0000000000 1
    0.0000000000  0.2291666667  0.0000000000 1
    0.0000000000  0.2343750000  0.0000000000 1
    0.0000000000  0.2395833333  0.0000000000 1
    0.0000000000  0.2447916667  0.0000000000 1
    0.0000000000  0.2500000000  0.0000000000 1
    0.0000000000  0.2552083333  0.0000000000 1
    0.0000000000  0.2604166667  0.0000000000 1
    0.0000000000  0.2656250000  0.0000000000 1
    0.0000000000  0.2708333333  0.0000000000 1
    0.0000000000  0.2760416667  0.0000000000 1
    0.0000000000  0.2812500000  0.0000000000 1
    0.0000000000  0.2864583333  0.0000000000 1
    0.0000000000  0.2916666667  0.0000000000 1
    0.0000000000  0.2968750000  0.0000000000 1
    0.0000000000  0.3020833333  0.0000000000 1
    0.0000000000  0.3072916667  0.0000000000 1
    0.0000000000  0.3125000000  0.0000000000 1
    0.0000000000  0.3177083333  0.0000000000 1
    0.0000000000  0.3229166667  0.0000000000 1
    0.0000000000  0.3281250000  0.0000000000 1
    0.0000000000  0.3333333333  0.0000000000 1
    0.0000000000  0.3385416667  0.0000000000 1
    0.0000000000  0.3437500000  0.0000000000 1
    0.0000000000  0.3489583333  0.0000000000 1
    0.0000000000  0.3541666667  0.0000000000 1
    0.0000000000  0.3593750000  0.0000000000 1
    0.0000000000  0.3645833333  0.0000000000 1
    0.0000000000  0.3697916667  0.0000000000 1
    0.0000000000  0.3750000000  0.0000000000 1
    0.0000000000  0.3802083333  0.0000000000 1
    0.0000000000  0.3854166667  0.0000000000 1
    0.0000000000  0.3906250000  0.0000000000 1
    0.0000000000  0.3958333333  0.0000000000 1
    0.0000000000  0.4010416667  0.0000000000 1
    0.0000000000  0.4062500000  0.0000000000 1
    0.0000000000  0.4114583333  0.0000000000 1
    0.0000000000  0.4166666667  0.0000000000 1
    0.0000000000  0.4218750000  0.0000000000 1
    0.0000000000  0.4270833333  0.0000000000 1
    0.0000000000  0.4322916667  0.0000000000 1
    0.0000000000  0.4375000000  0.0000000000 1
    0.0000000000  0.4427083333  0.0000000000 1
    0.0000000000  0.4479166667  0.0000000000 1
    0.0000000000  0.4531250000  0.0000000000 1
    0.0000000000  0.4583333333  0.0000000000 1
    0.0000000000  0.4635416667  0.0000000000 1
    0.0000000000  0.4687500000  0.0000000000 1
    0.0000000000  0.4739583333  0.0000000000 1
    0.0000000000  0.4791666667  0.0000000000 1
    0.0000000000  0.4843750000  0.0000000000 1
    0.0000000000  0.4895833333  0.0000000000 1
    0.0000000000  0.4947916667  0.0000000000 1
    0.0000000000  0.5000000000  0.0000000000 1
    0.0052083333  0.5000000000  0.0000000000 1
    0.0104166667  0.5000000000  0.0000000000 1
    0.0156250000  0.5000000000  0.0000000000 1
    0.0208333333  0.5000000000  0.0000000000 1
    0.0260416667  0.5000000000  0.0000000000 1
    0.0312500000  0.5000000000  0.0000000000 1
    0.0364583333  0.5000000000  0.0000000000 1
    0.0416666667  0.5000000000  0.0000000000 1
    0.0468750000  0.5000000000  0.0000000000 1
    0.0520833333  0.5000000000  0.0000000000 1
    0.0572916667  0.5000000000  0.0000000000 1
    0.0625000000  0.5000000000  0.0000000000 1
    0.0677083333  0.5000000000  0.0000000000 1
    0.0729166667  0.5000000000  0.0000000000 1
    0.0781250000  0.5000000000  0.0000000000 1
    0.0833333333  0.5000000000  0.0000000000 1
    0.0885416667  0.5000000000  0.0000000000 1
    0.0937500000  0.5000000000  0.0000000000 1
    0.0989583333  0.5000000000  0.0000000000 1
    0.1041666667  0.5000000000  0.0000000000 1
    0.1093750000  0.5000000000  0.0000000000 1
    0.1145833333  0.5000000000  0.0000000000 1
    0.1197916667  0.5000000000  0.0000000000 1
    0.1250000000  0.5000000000  0.0000000000 1
    0.1302083333  0.5000000000  0.0000000000 1
    0.1354166667  0.5000000000  0.0000000000 1
    0.1406250000  0.5000000000  0.0000000000 1
    0.1458333333  0.5000000000  0.0000000000 1
    0.1510416667  0.5000000000  0.0000000000 1
    0.1562500000  0.5000000000  0.0000000000 1
    0.1614583333  0.5000000000  0.0000000000 1
    0.1666666667  0.5000000000  0.0000000000 1
    0.1718750000  0.5000000000  0.0000000000 1
    0.1770833333  0.5000000000  0.0000000000 1
    0.1822916667  0.5000000000  0.0000000000 1
    0.1875000000  0.5000000000  0.0000000000 1
    0.1927083333  0.5000000000  0.0000000000 1
    0.1979166667  0.5000000000  0.0000000000 1
    0.2031250000  0.5000000000  0.0000000000 1
    0.2083333333  0.5000000000  0.0000000000 1
    0.2135416667  0.5000000000  0.0000000000 1
    0.2187500000  0.5000000000  0.0000000000 1
    0.2239583333  0.5000000000  0.0000000000 1
    0.2291666667  0.5000000000  0.0000000000 1
    0.2343750000  0.5000000000  0.0000000000 1
    0.2395833333  0.5000000000  0.0000000000 1
    0.2447916667  0.5000000000  0.0000000000 1
    0.2500000000  0.5000000000  0.0000000000 1
    0.2552083333  0.5000000000  0.0000000000 1
    0.2604166667  0.5000000000  0.0000000000 1
    0.2656250000  0.5000000000  0.0000000000 1
    0.2708333333  0.5000000000  0.0000000000 1
    0.2760416667  0.5000000000  0.0000000000 1
    0.2812500000  0.5000000000  0.0000000000 1
    0.2864583333  0.5000000000  0.0000000000 1
    0.2916666667  0.5000000000  0.0000000000 1
    0.2968750000  0.5000000000  0.0000000000 1
    0.3020833333  0.5000000000  0.0000000000 1
    0.3072916667  0.5000000000  0.0000000000 1
    0.3125000000  0.5000000000  0.0000000000 1
    0.3177083333  0.5000000000  0.0000000000 1
    0.3229166667  0.5000000000  0.0000000000 1
    0.3281250000  0.5000000000  0.0000000000 1
    0.3333333333  0.5000000000  0.0000000000 1
    0.3385416667  0.5000000000  0.0000000000 1
    0.3437500000  0.5000000000  0.0000000000 1
    0.3489583333  0.5000000000  0.0000000000 1
    0.3541666667  0.5000000000  0.0000000000 1
    0.3593750000  0.5000000000  0.0000000000 1
    0.3645833333  0.5000000000  0.0000000000 1
    0.3697916667  0.5000000000  0.0000000000 1
    0.3750000000  0.5000000000  0.0000000000 1
    0.3802083333  0.5000000000  0.0000000000 1
    0.3854166667  0.5000000000  0.0000000000 1
    0.3906250000  0.5000000000  0.0000000000 1
    0.3958333333  0.5000000000  0.0000000000 1
    0.4010416667  0.5000000000  0.0000000000 1
    0.4062500000  0.5000000000  0.0000000000 1
    0.4114583333  0.5000000000  0.0000000000 1
    0.4166666667  0.5000000000  0.0000000000 1
    0.4218750000  0.5000000000  0.0000000000 1
    0.4270833333  0.5000000000  0.0000000000 1
    0.4322916667  0.5000000000  0.0000000000 1
    0.4375000000  0.5000000000  0.0000000000 1
    0.4427083333  0.5000000000  0.0000000000 1
    0.4479166667  0.5000000000  0.0000000000 1
    0.4531250000  0.5000000000  0.0000000000 1
    0.4583333333  0.5000000000  0.0000000000 1
    0.4635416667  0.5000000000  0.0000000000 1
    0.4687500000  0.5000000000  0.0000000000 1
    0.4739583333  0.5000000000  0.0000000000 1
    0.4791666667  0.5000000000  0.0000000000 1
    0.4843750000  0.5000000000  0.0000000000 1
    0.4895833333  0.5000000000  0.0000000000 1
    0.4947916667  0.5000000000  0.0000000000 1
    0.5000000000  0.5000000000  0.0000000000 1
    0.4963235294  0.4963235294  0.0000000000 1
    0.4926470588  0.4926470588  0.0000000000 1
    0.4889705882  0.4889705882  0.0000000000 1
    0.4852941176  0.4852941176  0.0000000000 1
    0.4816176471  0.4816176471  0.0000000000 1
    0.4779411765  0.4779411765  0.0000000000 1
    0.4742647059  0.4742647059  0.0000000000 1
    0.4705882353  0.4705882353  0.0000000000 1
    0.4669117647  0.4669117647  0.0000000000 1
    0.4632352941  0.4632352941  0.0000000000 1
    0.4595588235  0.4595588235  0.0000000000 1
    0.4558823529  0.4558823529  0.0000000000 1
    0.4522058824  0.4522058824  0.0000000000 1
    0.4485294118  0.4485294118  0.0000000000 1
    0.4448529412  0.4448529412  0.0000000000 1
    0.4411764706  0.4411764706  0.0000000000 1
    0.4375000000  0.4375000000  0.0000000000 1
    0.4338235294  0.4338235294  0.0000000000 1
    0.4301470588  0.4301470588  0.0000000000 1
    0.4264705882  0.4264705882  0.0000000000 1
    0.4227941176  0.4227941176  0.0000000000 1
    0.4191176471  0.4191176471  0.0000000000 1
    0.4154411765  0.4154411765  0.0000000000 1
    0.4117647059  0.4117647059  0.0000000000 1
    0.4080882353  0.4080882353  0.0000000000 1
    0.4044117647  0.4044117647  0.0000000000 1
    0.4007352941  0.4007352941  0.0000000000 1
    0.3970588235  0.3970588235  0.0000000000 1
    0.3933823529  0.3933823529  0.0000000000 1
    0.3897058824  0.3897058824  0.0000000000 1
    0.3860294118  0.3860294118  0.0000000000 1
    0.3823529412  0.3823529412  0.0000000000 1
    0.3786764706  0.3786764706  0.0000000000 1
    0.3750000000  0.3750000000  0.0000000000 1
    0.3713235294  0.3713235294  0.0000000000 1
    0.3676470588  0.3676470588  0.0000000000 1
    0.3639705882  0.3639705882  0.0000000000 1
    0.3602941176  0.3602941176  0.0000000000 1
    0.3566176471  0.3566176471  0.0000000000 1
    0.3529411765  0.3529411765  0.0000000000 1
    0.3492647059  0.3492647059  0.0000000000 1
    0.3455882353  0.3455882353  0.0000000000 1
    0.3419117647  0.3419117647  0.0000000000 1
    0.3382352941  0.3382352941  0.0000000000 1
    0.3345588235  0.3345588235  0.0000000000 1
    0.3308823529  0.3308823529  0.0000000000 1
    0.3272058824  0.3272058824  0.0000000000 1
    0.3235294118  0.3235294118  0.0000000000 1
    0.3198529412  0.3198529412  0.0000000000 1
    0.3161764706  0.3161764706  0.0000000000 1
    0.3125000000  0.3125000000  0.0000000000 1
    0.3088235294  0.3088235294  0.0000000000 1
    0.3051470588  0.3051470588  0.0000000000 1
    0.3014705882  0.3014705882  0.0000000000 1
    0.2977941176  0.2977941176  0.0000000000 1
    0.2941176471  0.2941176471  0.0000000000 1
    0.2904411765  0.2904411765  0.0000000000 1
    0.2867647059  0.2867647059  0.0000000000 1
    0.2830882353  0.2830882353  0.0000000000 1
    0.2794117647  0.2794117647  0.0000000000 1
    0.2757352941  0.2757352941  0.0000000000 1
    0.2720588235  0.2720588235  0.0000000000 1
    0.2683823529  0.2683823529  0.0000000000 1
    0.2647058824  0.2647058824  0.0000000000 1
    0.2610294118  0.2610294118  0.0000000000 1
    0.2573529412  0.2573529412  0.0000000000 1
    0.2536764706  0.2536764706  0.0000000000 1
    0.2500000000  0.2500000000  0.0000000000 1
    0.2463235294  0.2463235294  0.0000000000 1
    0.2426470588  0.2426470588  0.0000000000 1
    0.2389705882  0.2389705882  0.0000000000 1
    0.2352941176  0.2352941176  0.0000000000 1
    0.2316176471  0.2316176471  0.0000000000 1
    0.2279411765  0.2279411765  0.0000000000 1
    0.2242647059  0.2242647059  0.0000000000 1
    0.2205882353  0.2205882353  0.0000000000 1
    0.2169117647  0.2169117647  0.0000000000 1
    0.2132352941  0.2132352941  0.0000000000 1
    0.2095588235  0.2095588235  0.0000000000 1
    0.2058823529  0.2058823529  0.0000000000 1
    0.2022058824  0.2022058824  0.0000000000 1
    0.1985294118  0.1985294118  0.0000000000 1
    0.1948529412  0.1948529412  0.0000000000 1
    0.1911764706  0.1911764706  0.0000000000 1
    0.1875000000  0.1875000000  0.0000000000 1
    0.1838235294  0.1838235294  0.0000000000 1
    0.1801470588  0.1801470588  0.0000000000 1
    0.1764705882  0.1764705882  0.0000000000 1
    0.1727941176  0.1727941176  0.0000000000 1
    0.1691176471  0.1691176471  0.0000000000 1
    0.1654411765  0.1654411765  0.0000000000 1
    0.1617647059  0.1617647059  0.0000000000 1
    0.1580882353  0.1580882353  0.0000000000 1
    0.1544117647  0.1544117647  0.0000000000 1
    0.1507352941  0.1507352941  0.0000000000 1
    0.1470588235  0.1470588235  0.0000000000 1
    0.1433823529  0.1433823529  0.0000000000 1
    0.1397058824  0.1397058824  0.0000000000 1
    0.1360294118  0.1360294118  0.0000000000 1
    0.1323529412  0.1323529412  0.0000000000 1
    0.1286764706  0.1286764706  0.0000000000 1
    0.1250000000  0.1250000000  0.0000000000 1
    0.1213235294  0.1213235294  0.0000000000 1
    0.1176470588  0.1176470588  0.0000000000 1
    0.1139705882  0.1139705882  0.0000000000 1
    0.1102941176  0.1102941176  0.0000000000 1
    0.1066176471  0.1066176471  0.0000000000 1
    0.1029411765  0.1029411765  0.0000000000 1
    0.0992647059  0.0992647059  0.0000000000 1
    0.0955882353  0.0955882353  0.0000000000 1
    0.0919117647  0.0919117647  0.0000000000 1
    0.0882352941  0.0882352941  0.0000000000 1
    0.0845588235  0.0845588235  0.0000000000 1
    0.0808823529  0.0808823529  0.0000000000 1
    0.0772058824  0.0772058824  0.0000000000 1
    0.0735294118  0.0735294118  0.0000000000 1
    0.0698529412  0.0698529412  0.0000000000 1
    0.0661764706  0.0661764706  0.0000000000 1
    0.0625000000  0.0625000000  0.0000000000 1
    0.0588235294  0.0588235294  0.0000000000 1
    0.0551470588  0.0551470588  0.0000000000 1
    0.0514705882  0.0514705882  0.0000000000 1
    0.0477941176  0.0477941176  0.0000000000 1
    0.0441176471  0.0441176471  0.0000000000 1
    0.0404411765  0.0404411765  0.0000000000 1
    0.0367647059  0.0367647059  0.0000000000 1
    0.0330882353  0.0330882353  0.0000000000 1
    0.0294117647  0.0294117647  0.0000000000 1
    0.0257352941  0.0257352941  0.0000000000 1
    0.0220588235  0.0220588235  0.0000000000 1
    0.0183823529  0.0183823529  0.0000000000 1
    0.0147058824  0.0147058824  0.0000000000 1
    0.0110294118  0.0110294118  0.0000000000 1
    0.0073529412  0.0073529412  0.0000000000 1
    0.0036764706  0.0036764706  0.0000000000 1
    0.0000000000  0.0000000000  0.0000000000 1
    0.0029940120  0.0029940120  0.0029940120 1
    0.0059880240  0.0059880240  0.0059880240 1
    0.0089820359  0.0089820359  0.0089820359 1
    0.0119760479  0.0119760479  0.0119760479 1
    0.0149700599  0.0149700599  0.0149700599 1
    0.0179640719  0.0179640719  0.0179640719 1
    0.0209580838  0.0209580838  0.0209580838 1
    0.0239520958  0.0239520958  0.0239520958 1
    0.0269461078  0.0269461078  0.0269461078 1
    0.0299401198  0.0299401198  0.0299401198 1
    0.0329341317  0.0329341317  0.0329341317 1
    0.0359281437  0.0359281437  0.0359281437 1
    0.0389221557  0.0389221557  0.0389221557 1
    0.0419161677  0.0419161677  0.0419161677 1
    0.0449101796  0.0449101796  0.0449101796 1
    0.0479041916  0.0479041916  0.0479041916 1
    0.0508982036  0.0508982036  0.0508982036 1
    0.0538922156  0.0538922156  0.0538922156 1
    0.0568862275  0.0568862275  0.0568862275 1
    0.0598802395  0.0598802395  0.0598802395 1
    0.0628742515  0.0628742515  0.0628742515 1
    0.0658682635  0.0658682635  0.0658682635 1
    0.0688622754  0.0688622754  0.0688622754 1
    0.0718562874  0.0718562874  0.0718562874 1
    0.0748502994  0.0748502994  0.0748502994 1
    0.0778443114  0.0778443114  0.0778443114 1
    0.0808383234  0.0808383234  0.0808383234 1
    0.0838323353  0.0838323353  0.0838323353 1
    0.0868263473  0.0868263473  0.0868263473 1
    0.0898203593  0.0898203593  0.0898203593 1
    0.0928143713  0.0928143713  0.0928143713 1
    0.0958083832  0.0958083832  0.0958083832 1
    0.0988023952  0.0988023952  0.0988023952 1
    0.1017964072  0.1017964072  0.1017964072 1
    0.1047904192  0.1047904192  0.1047904192 1
    0.1077844311  0.1077844311  0.1077844311 1
    0.1107784431  0.1107784431  0.1107784431 1
    0.1137724551  0.1137724551  0.1137724551 1
    0.1167664671  0.1167664671  0.1167664671 1
    0.1197604790  0.1197604790  0.1197604790 1
    0.1227544910  0.1227544910  0.1227544910 1
    0.1257485030  0.1257485030  0.1257485030 1
    0.1287425150  0.1287425150  0.1287425150 1
    0.1317365269  0.1317365269  0.1317365269 1
    0.1347305389  0.1347305389  0.1347305389 1
    0.1377245509  0.1377245509  0.1377245509 1
    0.1407185629  0.1407185629  0.1407185629 1
    0.1437125749  0.1437125749  0.1437125749 1
    0.1467065868  0.1467065868  0.1467065868 1
    0.1497005988  0.1497005988  0.1497005988 1
    0.1526946108  0.1526946108  0.1526946108 1
    0.1556886228  0.1556886228  0.1556886228 1
    0.1586826347  0.1586826347  0.1586826347 1
    0.1616766467  0.1616766467  0.1616766467 1
    0.1646706587  0.1646706587  0.1646706587 1
    0.1676646707  0.1676646707  0.1676646707 1
    0.1706586826  0.1706586826  0.1706586826 1
    0.1736526946  0.1736526946  0.1736526946 1
    0.1766467066  0.1766467066  0.1766467066 1
    0.1796407186  0.1796407186  0.1796407186 1
    0.1826347305  0.1826347305  0.1826347305 1
    0.1856287425  0.1856287425  0.1856287425 1
    0.1886227545  0.1886227545  0.1886227545 1
    0.1916167665  0.1916167665  0.1916167665 1
    0.1946107784  0.1946107784  0.1946107784 1
    0.1976047904  0.1976047904  0.1976047904 1
    0.2005988024  0.2005988024  0.2005988024 1
    0.2035928144  0.2035928144  0.2035928144 1
    0.2065868263  0.2065868263  0.2065868263 1
    0.2095808383  0.2095808383  0.2095808383 1
    0.2125748503  0.2125748503  0.2125748503 1
    0.2155688623  0.2155688623  0.2155688623 1
    0.2185628743  0.2185628743  0.2185628743 1
    0.2215568862  0.2215568862  0.2215568862 1
    0.2245508982  0.2245508982  0.2245508982 1
    0.2275449102  0.2275449102  0.2275449102 1
    0.2305389222  0.2305389222  0.2305389222 1
    0.2335329341  0.2335329341  0.2335329341 1
    0.2365269461  0.2365269461  0.2365269461 1
    0.2395209581  0.2395209581  0.2395209581 1
    0.2425149701  0.2425149701  0.2425149701 1
    0.2455089820  0.2455089820  0.2455089820 1
    0.2485029940  0.2485029940  0.2485029940 1
    0.2514970060  0.2514970060  0.2514970060 1
    0.2544910180  0.2544910180  0.2544910180 1
    0.2574850299  0.2574850299  0.2574850299 1
    0.2604790419  0.2604790419  0.2604790419 1
    0.2634730539  0.2634730539  0.2634730539 1
    0.2664670659  0.2664670659  0.2664670659 1
    0.2694610778  0.2694610778  0.2694610778 1
    0.2724550898  0.2724550898  0.2724550898 1
    0.2754491018  0.2754491018  0.2754491018 1
    0.2784431138  0.2784431138  0.2784431138 1
    0.2814371257  0.2814371257  0.2814371257 1
    0.2844311377  0.2844311377  0.2844311377 1
    0.2874251497  0.2874251497  0.2874251497 1
    0.2904191617  0.2904191617  0.2904191617 1
    0.2934131737  0.2934131737  0.2934131737 1
    0.2964071856  0.2964071856  0.2964071856 1
    0.2994011976  0.2994011976  0.2994011976 1
    0.3023952096  0.3023952096  0.3023952096 1
    0.3053892216  0.3053892216  0.3053892216 1
    0.3083832335  0.3083832335  0.3083832335 1
    0.3113772455  0.3113772455  0.3113772455 1
    0.3143712575  0.3143712575  0.3143712575 1
    0.3173652695  0.3173652695  0.3173652695 1
    0.3203592814  0.3203592814  0.3203592814 1
    0.3233532934  0.3233532934  0.3233532934 1
    0.3263473054  0.3263473054  0.3263473054 1
    0.3293413174  0.3293413174  0.3293413174 1
    0.3323353293  0.3323353293  0.3323353293 1
    0.3353293413  0.3353293413  0.3353293413 1
    0.3383233533  0.3383233533  0.3383233533 1
    0.3413173653  0.3413173653  0.3413173653 1
    0.3443113772  0.3443113772  0.3443113772 1
    0.3473053892  0.3473053892  0.3473053892 1
    0.3502994012  0.3502994012  0.3502994012 1
    0.3532934132  0.3532934132  0.3532934132 1
    0.3562874251  0.3562874251  0.3562874251 1
    0.3592814371  0.3592814371  0.3592814371 1
    0.3622754491  0.3622754491  0.3622754491 1
    0.3652694611  0.3652694611  0.3652694611 1
    0.3682634731  0.3682634731  0.3682634731 1
    0.3712574850  0.3712574850  0.3712574850 1
    0.3742514970  0.3742514970  0.3742514970 1
    0.3772455090  0.3772455090  0.3772455090 1
    0.3802395210  0.3802395210  0.3802395210 1
    0.3832335329  0.3832335329  0.3832335329 1
    0.3862275449  0.3862275449  0.3862275449 1
    0.3892215569  0.3892215569  0.3892215569 1
    0.3922155689  0.3922155689  0.3922155689 1
    0.3952095808  0.3952095808  0.3952095808 1
    0.3982035928  0.3982035928  0.3982035928 1
    0.4011976048  0.4011976048  0.4011976048 1
    0.4041916168  0.4041916168  0.4041916168 1
    0.4071856287  0.4071856287  0.4071856287 1
    0.4101796407  0.4101796407  0.4101796407 1
    0.4131736527  0.4131736527  0.4131736527 1
    0.4161676647  0.4161676647  0.4161676647 1
    0.4191616766  0.4191616766  0.4191616766 1
    0.4221556886  0.4221556886  0.4221556886 1
    0.4251497006  0.4251497006  0.4251497006 1
    0.4281437126  0.4281437126  0.4281437126 1
    0.4311377246  0.4311377246  0.4311377246 1
    0.4341317365  0.4341317365  0.4341317365 1
    0.4371257485  0.4371257485  0.4371257485 1
    0.4401197605  0.4401197605  0.4401197605 1
    0.4431137725  0.4431137725  0.4431137725 1
    0.4461077844  0.4461077844  0.4461077844 1
    0.4491017964  0.4491017964  0.4491017964 1
    0.4520958084  0.4520958084  0.4520958084 1
    0.4550898204  0.4550898204  0.4550898204 1
    0.4580838323  0.4580838323  0.4580838323 1
    0.4610778443  0.4610778443  0.4610778443 1
    0.4640718563  0.4640718563  0.4640718563 1
    0.4670658683  0.4670658683  0.4670658683 1
    0.4700598802  0.4700598802  0.4700598802 1
    0.4730538922  0.4730538922  0.4730538922 1
    0.4760479042  0.4760479042  0.4760479042 1
    0.4790419162  0.4790419162  0.4790419162 1
    0.4820359281  0.4820359281  0.4820359281 1
    0.4850299401  0.4850299401  0.4850299401 1
    0.4880239521  0.4880239521  0.4880239521 1
    0.4910179641  0.4910179641  0.4910179641 1
    0.4940119760  0.4940119760  0.4940119760 1
    0.4970059880  0.4970059880  0.4970059880 1
    0.5000000000  0.5000000000  0.5000000000 1
    0.4963235294  0.5000000000  0.4963235294 1
    0.4926470588  0.5000000000  0.4926470588 1
    0.4889705882  0.5000000000  0.4889705882 1
    0.4852941176  0.5000000000  0.4852941176 1
    0.4816176471  0.5000000000  0.4816176471 1
    0.4779411765  0.5000000000  0.4779411765 1
    0.4742647059  0.5000000000  0.4742647059 1
    0.4705882353  0.5000000000  0.4705882353 1
    0.4669117647  0.5000000000  0.4669117647 1
    0.4632352941  0.5000000000  0.4632352941 1
    0.4595588235  0.5000000000  0.4595588235 1
    0.4558823529  0.5000000000  0.4558823529 1
    0.4522058824  0.5000000000  0.4522058824 1
    0.4485294118  0.5000000000  0.4485294118 1
    0.4448529412  0.5000000000  0.4448529412 1
    0.4411764706  0.5000000000  0.4411764706 1
    0.4375000000  0.5000000000  0.4375000000 1
    0.4338235294  0.5000000000  0.4338235294 1
    0.4301470588  0.5000000000  0.4301470588 1
    0.4264705882  0.5000000000  0.4264705882 1
    0.4227941176  0.5000000000  0.4227941176 1
    0.4191176471  0.5000000000  0.4191176471 1
    0.4154411765  0.5000000000  0.4154411765 1
    0.4117647059  0.5000000000  0.4117647059 1
    0.4080882353  0.5000000000  0.4080882353 1
    0.4044117647  0.5000000000  0.4044117647 1
    0.4007352941  0.5000000000  0.4007352941 1
    0.3970588235  0.5000000000  0.3970588235 1
    0.3933823529  0.5000000000  0.3933823529 1
    0.3897058824  0.5000000000  0.3897058824 1
    0.3860294118  0.5000000000  0.3860294118 1
    0.3823529412  0.5000000000  0.3823529412 1
    0.3786764706  0.5000000000  0.3786764706 1
    0.3750000000  0.5000000000  0.3750000000 1
    0.3713235294  0.5000000000  0.3713235294 1
    0.3676470588  0.5000000000  0.3676470588 1
    0.3639705882  0.5000000000  0.3639705882 1
    0.3602941176  0.5000000000  0.3602941176 1
    0.3566176471  0.5000000000  0.3566176471 1
    0.3529411765  0.5000000000  0.3529411765 1
    0.3492647059  0.5000000000  0.3492647059 1
    0.3455882353  0.5000000000  0.3455882353 1
    0.3419117647  0.5000000000  0.3419117647 1
    0.3382352941  0.5000000000  0.3382352941 1
    0.3345588235  0.5000000000  0.3345588235 1
    0.3308823529  0.5000000000  0.3308823529 1
    0.3272058824  0.5000000000  0.3272058824 1
    0.3235294118  0.5000000000  0.3235294118 1
    0.3198529412  0.5000000000  0.3198529412 1
    0.3161764706  0.5000000000  0.3161764706 1
    0.3125000000  0.5000000000  0.3125000000 1
    0.3088235294  0.5000000000  0.3088235294 1
    0.3051470588  0.5000000000  0.3051470588 1
    0.3014705882  0.5000000000  0.3014705882 1
    0.2977941176  0.5000000000  0.2977941176 1
    0.2941176471  0.5000000000  0.2941176471 1
    0.2904411765  0.5000000000  0.2904411765 1
    0.2867647059  0.5000000000  0.2867647059 1
    0.2830882353  0.5000000000  0.2830882353 1
    0.2794117647  0.5000000000  0.2794117647 1
    0.2757352941  0.5000000000  0.2757352941 1
    0.2720588235  0.5000000000  0.2720588235 1
    0.2683823529  0.5000000000  0.2683823529 1
    0.2647058824  0.5000000000  0.2647058824 1
    0.2610294118  0.5000000000  0.2610294118 1
    0.2573529412  0.5000000000  0.2573529412 1
    0.2536764706  0.5000000000  0.2536764706 1
    0.2500000000  0.5000000000  0.2500000000 1
    0.2463235294  0.5000000000  0.2463235294 1
    0.2426470588  0.5000000000  0.2426470588 1
    0.2389705882  0.5000000000  0.2389705882 1
    0.2352941176  0.5000000000  0.2352941176 1
    0.2316176471  0.5000000000  0.2316176471 1
    0.2279411765  0.5000000000  0.2279411765 1
    0.2242647059  0.5000000000  0.2242647059 1
    0.2205882353  0.5000000000  0.2205882353 1
    0.2169117647  0.5000000000  0.2169117647 1
    0.2132352941  0.5000000000  0.2132352941 1
    0.2095588235  0.5000000000  0.2095588235 1
    0.2058823529  0.5000000000  0.2058823529 1
    0.2022058824  0.5000000000  0.2022058824 1
    0.1985294118  0.5000000000  0.1985294118 1
    0.1948529412  0.5000000000  0.1948529412 1
    0.1911764706  0.5000000000  0.1911764706 1
    0.1875000000  0.5000000000  0.1875000000 1
    0.1838235294  0.5000000000  0.1838235294 1
    0.1801470588  0.5000000000  0.1801470588 1
    0.1764705882  0.5000000000  0.1764705882 1
    0.1727941176  0.5000000000  0.1727941176 1
    0.1691176471  0.5000000000  0.1691176471 1
    0.1654411765  0.5000000000  0.1654411765 1
    0.1617647059  0.5000000000  0.1617647059 1
    0.1580882353  0.5000000000  0.1580882353 1
    0.1544117647  0.5000000000  0.1544117647 1
    0.1507352941  0.5000000000  0.1507352941 1
    0.1470588235  0.5000000000  0.1470588235 1
    0.1433823529  0.5000000000  0.1433823529 1
    0.1397058824  0.5000000000  0.1397058824 1
    0.1360294118  0.5000000000  0.1360294118 1
    0.1323529412  0.5000000000  0.1323529412 1
    0.1286764706  0.5000000000  0.1286764706 1
    0.1250000000  0.5000000000  0.1250000000 1
    0.1213235294  0.5000000000  0.1213235294 1
    0.1176470588  0.5000000000  0.1176470588 1
    0.1139705882  0.5000000000  0.1139705882 1
    0.1102941176  0.5000000000  0.1102941176 1
    0.1066176471  0.5000000000  0.1066176471 1
    0.1029411765  0.5000000000  0.1029411765 1
    0.0992647059  0.5000000000  0.0992647059 1
    0.0955882353  0.5000000000  0.0955882353 1
    0.0919117647  0.5000000000  0.0919117647 1
    0.0882352941  0.5000000000  0.0882352941 1
    0.0845588235  0.5000000000  0.0845588235 1
    0.0808823529  0.5000000000  0.0808823529 1
    0.0772058824  0.5000000000  0.0772058824 1
    0.0735294118  0.5000000000  0.0735294118 1
    0.0698529412  0.5000000000  0.0698529412 1
    0.0661764706  0.5000000000  0.0661764706 1
    0.0625000000  0.5000000000  0.0625000000 1
    0.0588235294  0.5000000000  0.0588235294 1
    0.0551470588  0.5000000000  0.0551470588 1
    0.0514705882  0.5000000000  0.0514705882 1
    0.0477941176  0.5000000000  0.0477941176 1
    0.0441176471  0.5000000000  0.0441176471 1
    0.0404411765  0.5000000000  0.0404411765 1
    0.0367647059  0.5000000000  0.0367647059 1
    0.0330882353  0.5000000000  0.0330882353 1
    0.0294117647  0.5000000000  0.0294117647 1
    0.0257352941  0.5000000000  0.0257352941 1
    0.0220588235  0.5000000000  0.0220588235 1
    0.0183823529  0.5000000000  0.0183823529 1
    0.0147058824  0.5000000000  0.0147058824 1
    0.0110294118  0.5000000000  0.0110294118 1
    0.0073529412  0.5000000000  0.0073529412 1
    0.0036764706  0.5000000000  0.0036764706 1
    0.0000000000  0.5000000000  0.0000000000 1
