&input
 flfrc='hea.332.fc',
 q_in_cryst_coord=.TRUE.,
 asr='simple',
 flfrq='hea.freq',
/
487
    0.0000000000  0.0000000000  0.0000000000 1
    0.0000000000  0.0063291139  0.0000000000 1
    0.0000000000  0.0126582278  0.0000000000 1
    0.0000000000  0.0189873418  0.0000000000 1
    0.0000000000  0.0253164557  0.0000000000 1
    0.0000000000  0.0316455696  0.0000000000 1
    0.0000000000  0.0379746835  0.0000000000 1
    0.0000000000  0.0443037975  0.0000000000 1
    0.0000000000  0.0506329114  0.0000000000 1
    0.0000000000  0.0569620253  0.0000000000 1
    0.0000000000  0.0632911392  0.0000000000 1
    0.0000000000  0.0696202532  0.0000000000 1
    0.0000000000  0.0759493671  0.0000000000 1
    0.0000000000  0.0822784810  0.0000000000 1
    0.0000000000  0.0886075949  0.0000000000 1
    0.0000000000  0.0949367089  0.0000000000 1
    0.0000000000  0.1012658228  0.0000000000 1
    0.0000000000  0.1075949367  0.0000000000 1
    0.0000000000  0.1139240506  0.0000000000 1
    0.0000000000  0.1202531646  0.0000000000 1
    0.0000000000  0.1265822785  0.0000000000 1
    0.0000000000  0.1329113924  0.0000000000 1
    0.0000000000  0.1392405063  0.0000000000 1
    0.0000000000  0.1455696203  0.0000000000 1
    0.0000000000  0.1518987342  0.0000000000 1
    0.0000000000  0.1582278481  0.0000000000 1
    0.0000000000  0.1645569620  0.0000000000 1
    0.0000000000  0.1708860759  0.0000000000 1
    0.0000000000  0.1772151899  0.0000000000 1
    0.0000000000  0.1835443038  0.0000000000 1
    0.0000000000  0.1898734177  0.0000000000 1
    0.0000000000  0.1962025316  0.0000000000 1
    0.0000000000  0.2025316456  0.0000000000 1
    0.0000000000  0.2088607595  0.0000000000 1
    0.0000000000  0.2151898734  0.0000000000 1
    0.0000000000  0.2215189873  0.0000000000 1
    0.0000000000  0.2278481013  0.0000000000 1
    0.0000000000  0.2341772152  0.0000000000 1
    0.0000000000  0.2405063291  0.0000000000 1
    0.0000000000  0.2468354430  0.0000000000 1
    0.0000000000  0.2531645570  0.0000000000 1
    0.0000000000  0.2594936709  0.0000000000 1
    0.0000000000  0.2658227848  0.0000000000 1
    0.0000000000  0.2721518987  0.0000000000 1
    0.0000000000  0.2784810127  0.0000000000 1
    0.0000000000  0.2848101266  0.0000000000 1
    0.0000000000  0.2911392405  0.0000000000 1
    0.0000000000  0.2974683544  0.0000000000 1
    0.0000000000  0.3037974684  0.0000000000 1
    0.0000000000  0.3101265823  0.0000000000 1
    0.0000000000  0.3164556962  0.0000000000 1
    0.0000000000  0.3227848101  0.0000000000 1
    0.0000000000  0.3291139241  0.0000000000 1
    0.0000000000  0.3354430380  0.0000000000 1
    0.0000000000  0.3417721519  0.0000000000 1
    0.0000000000  0.3481012658  0.0000000000 1
    0.0000000000  0.3544303797  0.0000000000 1
    0.0000000000  0.3607594937  0.0000000000 1
    0.0000000000  0.3670886076  0.0000000000 1
    0.0000000000  0.3734177215  0.0000000000 1
    0.0000000000  0.3797468354  0.0000000000 1
    0.0000000000  0.3860759494  0.0000000000 1
    0.0000000000  0.3924050633  0.0000000000 1
    0.0000000000  0.3987341772  0.0000000000 1
    0.0000000000  0.4050632911  0.0000000000 1
    0.0000000000  0.4113924051  0.0000000000 1
    0.0000000000  0.4177215190  0.0000000000 1
    0.0000000000  0.4240506329  0.0000000000 1
    0.0000000000  0.4303797468  0.0000000000 1
    0.0000000000  0.4367088608  0.0000000000 1
    0.0000000000  0.4430379747  0.0000000000 1
    0.0000000000  0.4493670886  0.0000000000 1
    0.0000000000  0.4556962025  0.0000000000 1
    0.0000000000  0.4620253165  0.0000000000 1
    0.0000000000  0.4683544304  0.0000000000 1
    0.0000000000  0.4746835443  0.0000000000 1
    0.0000000000  0.4810126582  0.0000000000 1
    0.0000000000  0.4873417722  0.0000000000 1
    0.0000000000  0.4936708861  0.0000000000 1
    0.0000000000  0.5000000000  0.0000000000 1
    -0.0037837838  0.5029729730  0.0000000000 1
    -0.0075675676  0.5059459459  0.0000000000 1
    -0.0113513514  0.5089189189  0.0000000000 1
    -0.0151351351  0.5118918919  0.0000000000 1
    -0.0189189189  0.5148648649  0.0000000000 1
    -0.0227027027  0.5178378378  0.0000000000 1
    -0.0264864865  0.5208108108  0.0000000000 1
    -0.0302702703  0.5237837838  0.0000000000 1
    -0.0340540541  0.5267567568  0.0000000000 1
    -0.0378378378  0.5297297297  0.0000000000 1
    -0.0416216216  0.5327027027  0.0000000000 1
    -0.0454054054  0.5356756757  0.0000000000 1
    -0.0491891892  0.5386486486  0.0000000000 1
    -0.0529729730  0.5416216216  0.0000000000 1
    -0.0567567568  0.5445945946  0.0000000000 1
    -0.0605405405  0.5475675676  0.0000000000 1
    -0.0643243243  0.5505405405  0.0000000000 1
    -0.0681081081  0.5535135135  0.0000000000 1
    -0.0718918919  0.5564864865  0.0000000000 1
    -0.0756756757  0.5594594595  0.0000000000 1
    -0.0794594595  0.5624324324  0.0000000000 1
    -0.0832432432  0.5654054054  0.0000000000 1
    -0.0870270270  0.5683783784  0.0000000000 1
    -0.0908108108  0.5713513514  0.0000000000 1
    -0.0945945946  0.5743243243  0.0000000000 1
    -0.0983783784  0.5772972973  0.0000000000 1
    -0.1021621622  0.5802702703  0.0000000000 1
    -0.1059459459  0.5832432432  0.0000000000 1
    -0.1097297297  0.5862162162  0.0000000000 1
    -0.1135135135  0.5891891892  0.0000000000 1
    -0.1172972973  0.5921621622  0.0000000000 1
    -0.1210810811  0.5951351351  0.0000000000 1
    -0.1248648649  0.5981081081  0.0000000000 1
    -0.1286486486  0.6010810811  0.0000000000 1
    -0.1324324324  0.6040540541  0.0000000000 1
    -0.1362162162  0.6070270270  0.0000000000 1
    -0.1400000000  0.6100000000  0.0000000000 1
    -0.1437837838  0.6129729730  0.0000000000 1
    -0.1475675676  0.6159459459  0.0000000000 1
    -0.1513513514  0.6189189189  0.0000000000 1
    -0.1551351351  0.6218918919  0.0000000000 1
    -0.1589189189  0.6248648649  0.0000000000 1
    -0.1627027027  0.6278378378  0.0000000000 1
    -0.1664864865  0.6308108108  0.0000000000 1
    -0.1702702703  0.6337837838  0.0000000000 1
    -0.1740540541  0.6367567568  0.0000000000 1
    -0.1778378378  0.6397297297  0.0000000000 1
    -0.1816216216  0.6427027027  0.0000000000 1
    -0.1854054054  0.6456756757  0.0000000000 1
    -0.1891891892  0.6486486486  0.0000000000 1
    -0.1929729730  0.6516216216  0.0000000000 1
    -0.1967567568  0.6545945946  0.0000000000 1
    -0.2005405405  0.6575675676  0.0000000000 1
    -0.2043243243  0.6605405405  0.0000000000 1
    -0.2081081081  0.6635135135  0.0000000000 1
    -0.2118918919  0.6664864865  0.0000000000 1
    -0.2156756757  0.6694594595  0.0000000000 1
    -0.2194594595  0.6724324324  0.0000000000 1
    -0.2232432432  0.6754054054  0.0000000000 1
    -0.2270270270  0.6783783784  0.0000000000 1
    -0.2308108108  0.6813513514  0.0000000000 1
    -0.2345945946  0.6843243243  0.0000000000 1
    -0.2383783784  0.6872972973  0.0000000000 1
    -0.2421621622  0.6902702703  0.0000000000 1
    -0.2459459459  0.6932432432  0.0000000000 1
    -0.2497297297  0.6962162162  0.0000000000 1
    -0.2535135135  0.6991891892  0.0000000000 1
    -0.2572972973  0.7021621622  0.0000000000 1
    -0.2610810811  0.7051351351  0.0000000000 1
    -0.2648648649  0.7081081081  0.0000000000 1
    -0.2686486486  0.7110810811  0.0000000000 1
    -0.2724324324  0.7140540541  0.0000000000 1
    -0.2762162162  0.7170270270  0.0000000000 1
    -0.2800000000  0.7200000000  0.0000000000 1
    -0.2900000000  0.7100000000  0.0000000000 1
    -0.3000000000  0.7000000000  0.0000000000 1
    -0.3100000000  0.6900000000  0.0000000000 1
    -0.3200000000  0.6800000000  0.0000000000 1
    -0.3300000000  0.6700000000  0.0000000000 1
    -0.3400000000  0.6600000000  0.0000000000 1
    -0.3500000000  0.6500000000  0.0000000000 1
    -0.3600000000  0.6400000000  0.0000000000 1
    -0.3700000000  0.6300000000  0.0000000000 1
    -0.3800000000  0.6200000000  0.0000000000 1
    -0.3900000000  0.6100000000  0.0000000000 1
    -0.4000000000  0.6000000000  0.0000000000 1
    -0.4100000000  0.5900000000  0.0000000000 1
    -0.4200000000  0.5800000000  0.0000000000 1
    -0.4300000000  0.5700000000  0.0000000000 1
    -0.4400000000  0.5600000000  0.0000000000 1
    -0.4500000000  0.5500000000  0.0000000000 1
    -0.4600000000  0.5400000000  0.0000000000 1
    -0.4700000000  0.5300000000  0.0000000000 1
    -0.4800000000  0.5200000000  0.0000000000 1
    -0.4900000000  0.5100000000  0.0000000000 1
    -0.5000000000  0.5000000000  0.0000000000 1
    -0.4901960784  0.4901960784  0.0000000000 1
    -0.4803921569  0.4803921569  0.0000000000 1
    -0.4705882353  0.4705882353  0.0000000000 1
    -0.4607843137  0.4607843137  0.0000000000 1
    -0.4509803922  0.4509803922  0.0000000000 1
    -0.4411764706  0.4411764706  0.0000000000 1
    -0.4313725490  0.4313725490  0.0000000000 1
    -0.4215686275  0.4215686275  0.0000000000 1
    -0.4117647059  0.4117647059  0.0000000000 1
    -0.4019607843  0.4019607843  0.0000000000 1
    -0.3921568627  0.3921568627  0.0000000000 1
    -0.3823529412  0.3823529412  0.0000000000 1
    -0.3725490196  0.3725490196  0.0000000000 1
    -0.3627450980  0.3627450980  0.0000000000 1
    -0.3529411765  0.3529411765  0.0000000000 1
    -0.3431372549  0.3431372549  0.0000000000 1
    -0.3333333333  0.3333333333  0.0000000000 1
    -0.3235294118  0.3235294118  0.0000000000 1
    -0.3137254902  0.3137254902  0.0000000000 1
    -0.3039215686  0.3039215686  0.0000000000 1
    -0.2941176471  0.2941176471  0.0000000000 1
    -0.2843137255  0.2843137255  0.0000000000 1
    -0.2745098039  0.2745098039  0.0000000000 1
    -0.2647058824  0.2647058824  0.0000000000 1
    -0.2549019608  0.2549019608  0.0000000000 1
    -0.2450980392  0.2450980392  0.0000000000 1
    -0.2352941176  0.2352941176  0.0000000000 1
    -0.2254901961  0.2254901961  0.0000000000 1
    -0.2156862745  0.2156862745  0.0000000000 1
    -0.2058823529  0.2058823529  0.0000000000 1
    -0.1960784314  0.1960784314  0.0000000000 1
    -0.1862745098  0.1862745098  0.0000000000 1
    -0.1764705882  0.1764705882  0.0000000000 1
    -0.1666666667  0.1666666667  0.0000000000 1
    -0.1568627451  0.1568627451  0.0000000000 1
    -0.1470588235  0.1470588235  0.0000000000 1
    -0.1372549020  0.1372549020  0.0000000000 1
    -0.1274509804  0.1274509804  0.0000000000 1
    -0.1176470588  0.1176470588  0.0000000000 1
    -0.1078431373  0.1078431373  0.0000000000 1
    -0.0980392157  0.0980392157  0.0000000000 1
    -0.0882352941  0.0882352941  0.0000000000 1
    -0.0784313725  0.0784313725  0.0000000000 1
    -0.0686274510  0.0686274510  0.0000000000 1
    -0.0588235294  0.0588235294  0.0000000000 1
    -0.0490196078  0.0490196078  0.0000000000 1
    -0.0392156863  0.0392156863  0.0000000000 1
    -0.0294117647  0.0294117647  0.0000000000 1
    -0.0196078431  0.0196078431  0.0000000000 1
    -0.0098039216  0.0098039216  0.0000000000 1
    0.0000000000  0.0000000000  0.0000000000 1
    -0.0108695652  0.0108695652  0.0108695652 1
    -0.0217391304  0.0217391304  0.0217391304 1
    -0.0326086957  0.0326086957  0.0326086957 1
    -0.0434782609  0.0434782609  0.0434782609 1
    -0.0543478261  0.0543478261  0.0543478261 1
    -0.0652173913  0.0652173913  0.0652173913 1
    -0.0760869565  0.0760869565  0.0760869565 1
    -0.0869565217  0.0869565217  0.0869565217 1
    -0.0978260870  0.0978260870  0.0978260870 1
    -0.1086956522  0.1086956522  0.1086956522 1
    -0.1195652174  0.1195652174  0.1195652174 1
    -0.1304347826  0.1304347826  0.1304347826 1
    -0.1413043478  0.1413043478  0.1413043478 1
    -0.1521739130  0.1521739130  0.1521739130 1
    -0.1630434783  0.1630434783  0.1630434783 1
    -0.1739130435  0.1739130435  0.1739130435 1
    -0.1847826087  0.1847826087  0.1847826087 1
    -0.1956521739  0.1956521739  0.1956521739 1
    -0.2065217391  0.2065217391  0.2065217391 1
    -0.2173913043  0.2173913043  0.2173913043 1
    -0.2282608696  0.2282608696  0.2282608696 1
    -0.2391304348  0.2391304348  0.2391304348 1
    -0.2500000000  0.2500000000  0.2500000000 1
    -0.2608695652  0.2608695652  0.2608695652 1
    -0.2717391304  0.2717391304  0.2717391304 1
    -0.2826086957  0.2826086957  0.2826086957 1
    -0.2934782609  0.2934782609  0.2934782609 1
    -0.3043478261  0.3043478261  0.3043478261 1
    -0.3152173913  0.3152173913  0.3152173913 1
    -0.3260869565  0.3260869565  0.3260869565 1
    -0.3369565217  0.3369565217  0.3369565217 1
    -0.3478260870  0.3478260870  0.3478260870 1
    -0.3586956522  0.3586956522  0.3586956522 1
    -0.3695652174  0.3695652174  0.3695652174 1
    -0.3804347826  0.3804347826  0.3804347826 1
    -0.3913043478  0.3913043478  0.3913043478 1
    -0.4021739130  0.4021739130  0.4021739130 1
    -0.4130434783  0.4130434783  0.4130434783 1
    -0.4239130435  0.4239130435  0.4239130435 1
    -0.4347826087  0.4347826087  0.4347826087 1
    -0.4456521739  0.4456521739  0.4456521739 1
    -0.4565217391  0.4565217391  0.4565217391 1
    -0.4673913043  0.4673913043  0.4673913043 1
    -0.4782608696  0.4782608696  0.4782608696 1
    -0.4891304348  0.4891304348  0.4891304348 1
    -0.5000000000  0.5000000000  0.5000000000 1
    -0.4900000000  0.5100000000  0.5000000000 1
    -0.4800000000  0.5200000000  0.5000000000 1
    -0.4700000000  0.5300000000  0.5000000000 1
    -0.4600000000  0.5400000000  0.5000000000 1
    -0.4500000000  0.5500000000  0.5000000000 1
    -0.4400000000  0.5600000000  0.5000000000 1
    -0.4300000000  0.5700000000  0.5000000000 1
    -0.4200000000  0.5800000000  0.5000000000 1
    -0.4100000000  0.5900000000  0.5000000000 1
    -0.4000000000  0.6000000000  0.5000000000 1
    -0.3900000000  0.6100000000  0.5000000000 1
    -0.3800000000  0.6200000000  0.5000000000 1
    -0.3700000000  0.6300000000  0.5000000000 1
    -0.3600000000  0.6400000000  0.5000000000 1
    -0.3500000000  0.6500000000  0.5000000000 1
    -0.3400000000  0.6600000000  0.5000000000 1
    -0.3300000000  0.6700000000  0.5000000000 1
    -0.3200000000  0.6800000000  0.5000000000 1
    -0.3100000000  0.6900000000  0.5000000000 1
    -0.3000000000  0.7000000000  0.5000000000 1
    -0.2900000000  0.7100000000  0.5000000000 1
    -0.2800000000  0.7200000000  0.5000000000 1
    -0.2700000000  0.7300000000  0.5000000000 1
    -0.2600000000  0.7400000000  0.5000000000 1
    -0.2564864865  0.7367567568  0.5000000000 1
    -0.2529729730  0.7335135135  0.5000000000 1
    -0.2494594595  0.7302702703  0.5000000000 1
    -0.2459459459  0.7270270270  0.5000000000 1
    -0.2424324324  0.7237837838  0.5000000000 1
    -0.2389189189  0.7205405405  0.5000000000 1
    -0.2354054054  0.7172972973  0.5000000000 1
    -0.2318918919  0.7140540541  0.5000000000 1
    -0.2283783784  0.7108108108  0.5000000000 1
    -0.2248648649  0.7075675676  0.5000000000 1
    -0.2213513514  0.7043243243  0.5000000000 1
    -0.2178378378  0.7010810811  0.5000000000 1
    -0.2143243243  0.6978378378  0.5000000000 1
    -0.2108108108  0.6945945946  0.5000000000 1
    -0.2072972973  0.6913513514  0.5000000000 1
    -0.2037837838  0.6881081081  0.5000000000 1
    -0.2002702703  0.6848648649  0.5000000000 1
    -0.1967567568  0.6816216216  0.5000000000 1
    -0.1932432432  0.6783783784  0.5000000000 1
    -0.1897297297  0.6751351351  0.5000000000 1
    -0.1862162162  0.6718918919  0.5000000000 1
    -0.1827027027  0.6686486486  0.5000000000 1
    -0.1791891892  0.6654054054  0.5000000000 1
    -0.1756756757  0.6621621622  0.5000000000 1
    -0.1721621622  0.6589189189  0.5000000000 1
    -0.1686486486  0.6556756757  0.5000000000 1
    -0.1651351351  0.6524324324  0.5000000000 1
    -0.1616216216  0.6491891892  0.5000000000 1
    -0.1581081081  0.6459459459  0.5000000000 1
    -0.1545945946  0.6427027027  0.5000000000 1
    -0.1510810811  0.6394594595  0.5000000000 1
    -0.1475675676  0.6362162162  0.5000000000 1
    -0.1440540541  0.6329729730  0.5000000000 1
    -0.1405405405  0.6297297297  0.5000000000 1
    -0.1370270270  0.6264864865  0.5000000000 1
    -0.1335135135  0.6232432432  0.5000000000 1
    -0.1300000000  0.6200000000  0.5000000000 1
    -0.1264864865  0.6167567568  0.5000000000 1
    -0.1229729730  0.6135135135  0.5000000000 1
    -0.1194594595  0.6102702703  0.5000000000 1
    -0.1159459459  0.6070270270  0.5000000000 1
    -0.1124324324  0.6037837838  0.5000000000 1
    -0.1089189189  0.6005405405  0.5000000000 1
    -0.1054054054  0.5972972973  0.5000000000 1
    -0.1018918919  0.5940540541  0.5000000000 1
    -0.0983783784  0.5908108108  0.5000000000 1
    -0.0948648649  0.5875675676  0.5000000000 1
    -0.0913513514  0.5843243243  0.5000000000 1
    -0.0878378378  0.5810810811  0.5000000000 1
    -0.0843243243  0.5778378378  0.5000000000 1
    -0.0808108108  0.5745945946  0.5000000000 1
    -0.0772972973  0.5713513514  0.5000000000 1
    -0.0737837838  0.5681081081  0.5000000000 1
    -0.0702702703  0.5648648649  0.5000000000 1
    -0.0667567568  0.5616216216  0.5000000000 1
    -0.0632432432  0.5583783784  0.5000000000 1
    -0.0597297297  0.5551351351  0.5000000000 1
    -0.0562162162  0.5518918919  0.5000000000 1
    -0.0527027027  0.5486486486  0.5000000000 1
    -0.0491891892  0.5454054054  0.5000000000 1
    -0.0456756757  0.5421621622  0.5000000000 1
    -0.0421621622  0.5389189189  0.5000000000 1
    -0.0386486486  0.5356756757  0.5000000000 1
    -0.0351351351  0.5324324324  0.5000000000 1
    -0.0316216216  0.5291891892  0.5000000000 1
    -0.0281081081  0.5259459459  0.5000000000 1
    -0.0245945946  0.5227027027  0.5000000000 1
    -0.0210810811  0.5194594595  0.5000000000 1
    -0.0175675676  0.5162162162  0.5000000000 1
    -0.0140540541  0.5129729730  0.5000000000 1
    -0.0105405405  0.5097297297  0.5000000000 1
    -0.0070270270  0.5064864865  0.5000000000 1
    -0.0035135135  0.5032432432  0.5000000000 1
    0.0000000000  0.5000000000  0.5000000000 1
    0.0000000000  0.4938271605  0.4938271605 1
    0.0000000000  0.4876543210  0.4876543210 1
    0.0000000000  0.4814814815  0.4814814815 1
    0.0000000000  0.4753086420  0.4753086420 1
    0.0000000000  0.4691358025  0.4691358025 1
    0.0000000000  0.4629629630  0.4629629630 1
    0.0000000000  0.4567901235  0.4567901235 1
    0.0000000000  0.4506172840  0.4506172840 1
    0.0000000000  0.4444444444  0.4444444444 1
    0.0000000000  0.4382716049  0.4382716049 1
    0.0000000000  0.4320987654  0.4320987654 1
    0.0000000000  0.4259259259  0.4259259259 1
    0.0000000000  0.4197530864  0.4197530864 1
    0.0000000000  0.4135802469  0.4135802469 1
    0.0000000000  0.4074074074  0.4074074074 1
    0.0000000000  0.4012345679  0.4012345679 1
    0.0000000000  0.3950617284  0.3950617284 1
    0.0000000000  0.3888888889  0.3888888889 1
    0.0000000000  0.3827160494  0.3827160494 1
    0.0000000000  0.3765432099  0.3765432099 1
    0.0000000000  0.3703703704  0.3703703704 1
    0.0000000000  0.3641975309  0.3641975309 1
    0.0000000000  0.3580246914  0.3580246914 1
    0.0000000000  0.3518518519  0.3518518519 1
    0.0000000000  0.3456790123  0.3456790123 1
    0.0000000000  0.3395061728  0.3395061728 1
    0.0000000000  0.3333333333  0.3333333333 1
    0.0000000000  0.3271604938  0.3271604938 1
    0.0000000000  0.3209876543  0.3209876543 1
    0.0000000000  0.3148148148  0.3148148148 1
    0.0000000000  0.3086419753  0.3086419753 1
    0.0000000000  0.3024691358  0.3024691358 1
    0.0000000000  0.2962962963  0.2962962963 1
    0.0000000000  0.2901234568  0.2901234568 1
    0.0000000000  0.2839506173  0.2839506173 1
    0.0000000000  0.2777777778  0.2777777778 1
    0.0000000000  0.2716049383  0.2716049383 1
    0.0000000000  0.2654320988  0.2654320988 1
    0.0000000000  0.2592592593  0.2592592593 1
    0.0000000000  0.2530864198  0.2530864198 1
    0.0000000000  0.2469135802  0.2469135802 1
    0.0000000000  0.2407407407  0.2407407407 1
    0.0000000000  0.2345679012  0.2345679012 1
    0.0000000000  0.2283950617  0.2283950617 1
    0.0000000000  0.2222222222  0.2222222222 1
    0.0000000000  0.2160493827  0.2160493827 1
    0.0000000000  0.2098765432  0.2098765432 1
    0.0000000000  0.2037037037  0.2037037037 1
    0.0000000000  0.1975308642  0.1975308642 1
    0.0000000000  0.1913580247  0.1913580247 1
    0.0000000000  0.1851851852  0.1851851852 1
    0.0000000000  0.1790123457  0.1790123457 1
    0.0000000000  0.1728395062  0.1728395062 1
    0.0000000000  0.1666666667  0.1666666667 1
    0.0000000000  0.1604938272  0.1604938272 1
    0.0000000000  0.1543209877  0.1543209877 1
    0.0000000000  0.1481481481  0.1481481481 1
    0.0000000000  0.1419753086  0.1419753086 1
    0.0000000000  0.1358024691  0.1358024691 1
    0.0000000000  0.1296296296  0.1296296296 1
    0.0000000000  0.1234567901  0.1234567901 1
    0.0000000000  0.1172839506  0.1172839506 1
    0.0000000000  0.1111111111  0.1111111111 1
    0.0000000000  0.1049382716  0.1049382716 1
    0.0000000000  0.0987654321  0.0987654321 1
    0.0000000000  0.0925925926  0.0925925926 1
    0.0000000000  0.0864197531  0.0864197531 1
    0.0000000000  0.0802469136  0.0802469136 1
    0.0000000000  0.0740740741  0.0740740741 1
    0.0000000000  0.0679012346  0.0679012346 1
    0.0000000000  0.0617283951  0.0617283951 1
    0.0000000000  0.0555555556  0.0555555556 1
    0.0000000000  0.0493827160  0.0493827160 1
    0.0000000000  0.0432098765  0.0432098765 1
    0.0000000000  0.0370370370  0.0370370370 1
    0.0000000000  0.0308641975  0.0308641975 1
    0.0000000000  0.0246913580  0.0246913580 1
    0.0000000000  0.0185185185  0.0185185185 1
    0.0000000000  0.0123456790  0.0123456790 1
    0.0000000000  0.0061728395  0.0061728395 1
    0.0000000000  0.0000000000  0.0000000000 1
    0.0000000000  0.0000000000  0.0142857143 1
    0.0000000000  0.0000000000  0.0285714286 1
    0.0000000000  0.0000000000  0.0428571429 1
    0.0000000000  0.0000000000  0.0571428571 1
    0.0000000000  0.0000000000  0.0714285714 1
    0.0000000000  0.0000000000  0.0857142857 1
    0.0000000000  0.0000000000  0.1000000000 1
    0.0000000000  0.0000000000  0.1142857143 1
    0.0000000000  0.0000000000  0.1285714286 1
    0.0000000000  0.0000000000  0.1428571429 1
    0.0000000000  0.0000000000  0.1571428571 1
    0.0000000000  0.0000000000  0.1714285714 1
    0.0000000000  0.0000000000  0.1857142857 1
    0.0000000000  0.0000000000  0.2000000000 1
    0.0000000000  0.0000000000  0.2142857143 1
    0.0000000000  0.0000000000  0.2285714286 1
    0.0000000000  0.0000000000  0.2428571429 1
    0.0000000000  0.0000000000  0.2571428571 1
    0.0000000000  0.0000000000  0.2714285714 1
    0.0000000000  0.0000000000  0.2857142857 1
    0.0000000000  0.0000000000  0.3000000000 1
    0.0000000000  0.0000000000  0.3142857143 1
    0.0000000000  0.0000000000  0.3285714286 1
    0.0000000000  0.0000000000  0.3428571429 1
    0.0000000000  0.0000000000  0.3571428571 1
    0.0000000000  0.0000000000  0.3714285714 1
    0.0000000000  0.0000000000  0.3857142857 1
    0.0000000000  0.0000000000  0.4000000000 1
    0.0000000000  0.0000000000  0.4142857143 1
    0.0000000000  0.0000000000  0.4285714286 1
    0.0000000000  0.0000000000  0.4428571429 1
    0.0000000000  0.0000000000  0.4571428571 1
    0.0000000000  0.0000000000  0.4714285714 1
    0.0000000000  0.0000000000  0.4857142857 1
    0.0000000000  0.0000000000  0.5000000000 1
