&input
 flfrc='hea.332.fc',
 q_in_cryst_coord=.TRUE.,
 asr='simple',
 flfrq='hea.freq',
/
496
    0.0000000000  0.0000000000  0.0000000000 1
    0.0000000000  0.0062500000  0.0000000000 1
    0.0000000000  0.0125000000  0.0000000000 1
    0.0000000000  0.0187500000  0.0000000000 1
    0.0000000000  0.0250000000  0.0000000000 1
    0.0000000000  0.0312500000  0.0000000000 1
    0.0000000000  0.0375000000  0.0000000000 1
    0.0000000000  0.0437500000  0.0000000000 1
    0.0000000000  0.0500000000  0.0000000000 1
    0.0000000000  0.0562500000  0.0000000000 1
    0.0000000000  0.0625000000  0.0000000000 1
    0.0000000000  0.0687500000  0.0000000000 1
    0.0000000000  0.0750000000  0.0000000000 1
    0.0000000000  0.0812500000  0.0000000000 1
    0.0000000000  0.0875000000  0.0000000000 1
    0.0000000000  0.0937500000  0.0000000000 1
    0.0000000000  0.1000000000  0.0000000000 1
    0.0000000000  0.1062500000  0.0000000000 1
    0.0000000000  0.1125000000  0.0000000000 1
    0.0000000000  0.1187500000  0.0000000000 1
    0.0000000000  0.1250000000  0.0000000000 1
    0.0000000000  0.1312500000  0.0000000000 1
    0.0000000000  0.1375000000  0.0000000000 1
    0.0000000000  0.1437500000  0.0000000000 1
    0.0000000000  0.1500000000  0.0000000000 1
    0.0000000000  0.1562500000  0.0000000000 1
    0.0000000000  0.1625000000  0.0000000000 1
    0.0000000000  0.1687500000  0.0000000000 1
    0.0000000000  0.1750000000  0.0000000000 1
    0.0000000000  0.1812500000  0.0000000000 1
    0.0000000000  0.1875000000  0.0000000000 1
    0.0000000000  0.1937500000  0.0000000000 1
    0.0000000000  0.2000000000  0.0000000000 1
    0.0000000000  0.2062500000  0.0000000000 1
    0.0000000000  0.2125000000  0.0000000000 1
    0.0000000000  0.2187500000  0.0000000000 1
    0.0000000000  0.2250000000  0.0000000000 1
    0.0000000000  0.2312500000  0.0000000000 1
    0.0000000000  0.2375000000  0.0000000000 1
    0.0000000000  0.2437500000  0.0000000000 1
    0.0000000000  0.2500000000  0.0000000000 1
    0.0000000000  0.2562500000  0.0000000000 1
    0.0000000000  0.2625000000  0.0000000000 1
    0.0000000000  0.2687500000  0.0000000000 1
    0.0000000000  0.2750000000  0.0000000000 1
    0.0000000000  0.2812500000  0.0000000000 1
    0.0000000000  0.2875000000  0.0000000000 1
    0.0000000000  0.2937500000  0.0000000000 1
    0.0000000000  0.3000000000  0.0000000000 1
    0.0000000000  0.3062500000  0.0000000000 1
    0.0000000000  0.3125000000  0.0000000000 1
    0.0000000000  0.3187500000  0.0000000000 1
    0.0000000000  0.3250000000  0.0000000000 1
    0.0000000000  0.3312500000  0.0000000000 1
    0.0000000000  0.3375000000  0.0000000000 1
    0.0000000000  0.3437500000  0.0000000000 1
    0.0000000000  0.3500000000  0.0000000000 1
    0.0000000000  0.3562500000  0.0000000000 1
    0.0000000000  0.3625000000  0.0000000000 1
    0.0000000000  0.3687500000  0.0000000000 1
    0.0000000000  0.3750000000  0.0000000000 1
    0.0000000000  0.3812500000  0.0000000000 1
    0.0000000000  0.3875000000  0.0000000000 1
    0.0000000000  0.3937500000  0.0000000000 1
    0.0000000000  0.4000000000  0.0000000000 1
    0.0000000000  0.4062500000  0.0000000000 1
    0.0000000000  0.4125000000  0.0000000000 1
    0.0000000000  0.4187500000  0.0000000000 1
    0.0000000000  0.4250000000  0.0000000000 1
    0.0000000000  0.4312500000  0.0000000000 1
    0.0000000000  0.4375000000  0.0000000000 1
    0.0000000000  0.4437500000  0.0000000000 1
    0.0000000000  0.4500000000  0.0000000000 1
    0.0000000000  0.4562500000  0.0000000000 1
    0.0000000000  0.4625000000  0.0000000000 1
    0.0000000000  0.4687500000  0.0000000000 1
    0.0000000000  0.4750000000  0.0000000000 1
    0.0000000000  0.4812500000  0.0000000000 1
    0.0000000000  0.4875000000  0.0000000000 1
    0.0000000000  0.4937500000  0.0000000000 1
    0.0000000000  0.5000000000  0.0000000000 1
    -0.0036842105  0.5028947368  0.0000000000 1
    -0.0073684211  0.5057894737  0.0000000000 1
    -0.0110526316  0.5086842105  0.0000000000 1
    -0.0147368421  0.5115789474  0.0000000000 1
    -0.0184210526  0.5144736842  0.0000000000 1
    -0.0221052632  0.5173684211  0.0000000000 1
    -0.0257894737  0.5202631579  0.0000000000 1
    -0.0294736842  0.5231578947  0.0000000000 1
    -0.0331578947  0.5260526316  0.0000000000 1
    -0.0368421053  0.5289473684  0.0000000000 1
    -0.0405263158  0.5318421053  0.0000000000 1
    -0.0442105263  0.5347368421  0.0000000000 1
    -0.0478947368  0.5376315789  0.0000000000 1
    -0.0515789474  0.5405263158  0.0000000000 1
    -0.0552631579  0.5434210526  0.0000000000 1
    -0.0589473684  0.5463157895  0.0000000000 1
    -0.0626315789  0.5492105263  0.0000000000 1
    -0.0663157895  0.5521052632  0.0000000000 1
    -0.0700000000  0.5550000000  0.0000000000 1
    -0.0736842105  0.5578947368  0.0000000000 1
    -0.0773684211  0.5607894737  0.0000000000 1
    -0.0810526316  0.5636842105  0.0000000000 1
    -0.0847368421  0.5665789474  0.0000000000 1
    -0.0884210526  0.5694736842  0.0000000000 1
    -0.0921052632  0.5723684211  0.0000000000 1
    -0.0957894737  0.5752631579  0.0000000000 1
    -0.0994736842  0.5781578947  0.0000000000 1
    -0.1031578947  0.5810526316  0.0000000000 1
    -0.1068421053  0.5839473684  0.0000000000 1
    -0.1105263158  0.5868421053  0.0000000000 1
    -0.1142105263  0.5897368421  0.0000000000 1
    -0.1178947368  0.5926315789  0.0000000000 1
    -0.1215789474  0.5955263158  0.0000000000 1
    -0.1252631579  0.5984210526  0.0000000000 1
    -0.1289473684  0.6013157895  0.0000000000 1
    -0.1326315789  0.6042105263  0.0000000000 1
    -0.1363157895  0.6071052632  0.0000000000 1
    -0.1400000000  0.6100000000  0.0000000000 1
    -0.1436842105  0.6128947368  0.0000000000 1
    -0.1473684211  0.6157894737  0.0000000000 1
    -0.1510526316  0.6186842105  0.0000000000 1
    -0.1547368421  0.6215789474  0.0000000000 1
    -0.1584210526  0.6244736842  0.0000000000 1
    -0.1621052632  0.6273684211  0.0000000000 1
    -0.1657894737  0.6302631579  0.0000000000 1
    -0.1694736842  0.6331578947  0.0000000000 1
    -0.1731578947  0.6360526316  0.0000000000 1
    -0.1768421053  0.6389473684  0.0000000000 1
    -0.1805263158  0.6418421053  0.0000000000 1
    -0.1842105263  0.6447368421  0.0000000000 1
    -0.1878947368  0.6476315789  0.0000000000 1
    -0.1915789474  0.6505263158  0.0000000000 1
    -0.1952631579  0.6534210526  0.0000000000 1
    -0.1989473684  0.6563157895  0.0000000000 1
    -0.2026315789  0.6592105263  0.0000000000 1
    -0.2063157895  0.6621052632  0.0000000000 1
    -0.2100000000  0.6650000000  0.0000000000 1
    -0.2136842105  0.6678947368  0.0000000000 1
    -0.2173684211  0.6707894737  0.0000000000 1
    -0.2210526316  0.6736842105  0.0000000000 1
    -0.2247368421  0.6765789474  0.0000000000 1
    -0.2284210526  0.6794736842  0.0000000000 1
    -0.2321052632  0.6823684211  0.0000000000 1
    -0.2357894737  0.6852631579  0.0000000000 1
    -0.2394736842  0.6881578947  0.0000000000 1
    -0.2431578947  0.6910526316  0.0000000000 1
    -0.2468421053  0.6939473684  0.0000000000 1
    -0.2505263158  0.6968421053  0.0000000000 1
    -0.2542105263  0.6997368421  0.0000000000 1
    -0.2578947368  0.7026315789  0.0000000000 1
    -0.2615789474  0.7055263158  0.0000000000 1
    -0.2652631579  0.7084210526  0.0000000000 1
    -0.2689473684  0.7113157895  0.0000000000 1
    -0.2726315789  0.7142105263  0.0000000000 1
    -0.2763157895  0.7171052632  0.0000000000 1
    -0.2800000000  0.7200000000  0.0000000000 1
    -0.2895652174  0.7104347826  0.0000000000 1
    -0.2991304348  0.7008695652  0.0000000000 1
    -0.3086956522  0.6913043478  0.0000000000 1
    -0.3182608696  0.6817391304  0.0000000000 1
    -0.3278260870  0.6721739130  0.0000000000 1
    -0.3373913043  0.6626086957  0.0000000000 1
    -0.3469565217  0.6530434783  0.0000000000 1
    -0.3565217391  0.6434782609  0.0000000000 1
    -0.3660869565  0.6339130435  0.0000000000 1
    -0.3756521739  0.6243478261  0.0000000000 1
    -0.3852173913  0.6147826087  0.0000000000 1
    -0.3947826087  0.6052173913  0.0000000000 1
    -0.4043478261  0.5956521739  0.0000000000 1
    -0.4139130435  0.5860869565  0.0000000000 1
    -0.4234782609  0.5765217391  0.0000000000 1
    -0.4330434783  0.5669565217  0.0000000000 1
    -0.4426086957  0.5573913043  0.0000000000 1
    -0.4521739130  0.5478260870  0.0000000000 1
    -0.4617391304  0.5382608696  0.0000000000 1
    -0.4713043478  0.5286956522  0.0000000000 1
    -0.4808695652  0.5191304348  0.0000000000 1
    -0.4904347826  0.5095652174  0.0000000000 1
    -0.5000000000  0.5000000000  0.0000000000 1
    -0.4903846154  0.4903846154  0.0000000000 1
    -0.4807692308  0.4807692308  0.0000000000 1
    -0.4711538462  0.4711538462  0.0000000000 1
    -0.4615384615  0.4615384615  0.0000000000 1
    -0.4519230769  0.4519230769  0.0000000000 1
    -0.4423076923  0.4423076923  0.0000000000 1
    -0.4326923077  0.4326923077  0.0000000000 1
    -0.4230769231  0.4230769231  0.0000000000 1
    -0.4134615385  0.4134615385  0.0000000000 1
    -0.4038461538  0.4038461538  0.0000000000 1
    -0.3942307692  0.3942307692  0.0000000000 1
    -0.3846153846  0.3846153846  0.0000000000 1
    -0.3750000000  0.3750000000  0.0000000000 1
    -0.3653846154  0.3653846154  0.0000000000 1
    -0.3557692308  0.3557692308  0.0000000000 1
    -0.3461538462  0.3461538462  0.0000000000 1
    -0.3365384615  0.3365384615  0.0000000000 1
    -0.3269230769  0.3269230769  0.0000000000 1
    -0.3173076923  0.3173076923  0.0000000000 1
    -0.3076923077  0.3076923077  0.0000000000 1
    -0.2980769231  0.2980769231  0.0000000000 1
    -0.2884615385  0.2884615385  0.0000000000 1
    -0.2788461538  0.2788461538  0.0000000000 1
    -0.2692307692  0.2692307692  0.0000000000 1
    -0.2596153846  0.2596153846  0.0000000000 1
    -0.2500000000  0.2500000000  0.0000000000 1
    -0.2403846154  0.2403846154  0.0000000000 1
    -0.2307692308  0.2307692308  0.0000000000 1
    -0.2211538462  0.2211538462  0.0000000000 1
    -0.2115384615  0.2115384615  0.0000000000 1
    -0.2019230769  0.2019230769  0.0000000000 1
    -0.1923076923  0.1923076923  0.0000000000 1
    -0.1826923077  0.1826923077  0.0000000000 1
    -0.1730769231  0.1730769231  0.0000000000 1
    -0.1634615385  0.1634615385  0.0000000000 1
    -0.1538461538  0.1538461538  0.0000000000 1
    -0.1442307692  0.1442307692  0.0000000000 1
    -0.1346153846  0.1346153846  0.0000000000 1
    -0.1250000000  0.1250000000  0.0000000000 1
    -0.1153846154  0.1153846154  0.0000000000 1
    -0.1057692308  0.1057692308  0.0000000000 1
    -0.0961538462  0.0961538462  0.0000000000 1
    -0.0865384615  0.0865384615  0.0000000000 1
    -0.0769230769  0.0769230769  0.0000000000 1
    -0.0673076923  0.0673076923  0.0000000000 1
    -0.0576923077  0.0576923077  0.0000000000 1
    -0.0480769231  0.0480769231  0.0000000000 1
    -0.0384615385  0.0384615385  0.0000000000 1
    -0.0288461538  0.0288461538  0.0000000000 1
    -0.0192307692  0.0192307692  0.0000000000 1
    -0.0096153846  0.0096153846  0.0000000000 1
    0.0000000000  0.0000000000  0.0000000000 1
    -0.0108695652  0.0108695652  0.0108695652 1
    -0.0217391304  0.0217391304  0.0217391304 1
    -0.0326086957  0.0326086957  0.0326086957 1
    -0.0434782609  0.0434782609  0.0434782609 1
    -0.0543478261  0.0543478261  0.0543478261 1
    -0.0652173913  0.0652173913  0.0652173913 1
    -0.0760869565  0.0760869565  0.0760869565 1
    -0.0869565217  0.0869565217  0.0869565217 1
    -0.0978260870  0.0978260870  0.0978260870 1
    -0.1086956522  0.1086956522  0.1086956522 1
    -0.1195652174  0.1195652174  0.1195652174 1
    -0.1304347826  0.1304347826  0.1304347826 1
    -0.1413043478  0.1413043478  0.1413043478 1
    -0.1521739130  0.1521739130  0.1521739130 1
    -0.1630434783  0.1630434783  0.1630434783 1
    -0.1739130435  0.1739130435  0.1739130435 1
    -0.1847826087  0.1847826087  0.1847826087 1
    -0.1956521739  0.1956521739  0.1956521739 1
    -0.2065217391  0.2065217391  0.2065217391 1
    -0.2173913043  0.2173913043  0.2173913043 1
    -0.2282608696  0.2282608696  0.2282608696 1
    -0.2391304348  0.2391304348  0.2391304348 1
    -0.2500000000  0.2500000000  0.2500000000 1
    -0.2608695652  0.2608695652  0.2608695652 1
    -0.2717391304  0.2717391304  0.2717391304 1
    -0.2826086957  0.2826086957  0.2826086957 1
    -0.2934782609  0.2934782609  0.2934782609 1
    -0.3043478261  0.3043478261  0.3043478261 1
    -0.3152173913  0.3152173913  0.3152173913 1
    -0.3260869565  0.3260869565  0.3260869565 1
    -0.3369565217  0.3369565217  0.3369565217 1
    -0.3478260870  0.3478260870  0.3478260870 1
    -0.3586956522  0.3586956522  0.3586956522 1
    -0.3695652174  0.3695652174  0.3695652174 1
    -0.3804347826  0.3804347826  0.3804347826 1
    -0.3913043478  0.3913043478  0.3913043478 1
    -0.4021739130  0.4021739130  0.4021739130 1
    -0.4130434783  0.4130434783  0.4130434783 1
    -0.4239130435  0.4239130435  0.4239130435 1
    -0.4347826087  0.4347826087  0.4347826087 1
    -0.4456521739  0.4456521739  0.4456521739 1
    -0.4565217391  0.4565217391  0.4565217391 1
    -0.4673913043  0.4673913043  0.4673913043 1
    -0.4782608696  0.4782608696  0.4782608696 1
    -0.4891304348  0.4891304348  0.4891304348 1
    -0.5000000000  0.5000000000  0.5000000000 1
    -0.4904000000  0.5096000000  0.5000000000 1
    -0.4808000000  0.5192000000  0.5000000000 1
    -0.4712000000  0.5288000000  0.5000000000 1
    -0.4616000000  0.5384000000  0.5000000000 1
    -0.4520000000  0.5480000000  0.5000000000 1
    -0.4424000000  0.5576000000  0.5000000000 1
    -0.4328000000  0.5672000000  0.5000000000 1
    -0.4232000000  0.5768000000  0.5000000000 1
    -0.4136000000  0.5864000000  0.5000000000 1
    -0.4040000000  0.5960000000  0.5000000000 1
    -0.3944000000  0.6056000000  0.5000000000 1
    -0.3848000000  0.6152000000  0.5000000000 1
    -0.3752000000  0.6248000000  0.5000000000 1
    -0.3656000000  0.6344000000  0.5000000000 1
    -0.3560000000  0.6440000000  0.5000000000 1
    -0.3464000000  0.6536000000  0.5000000000 1
    -0.3368000000  0.6632000000  0.5000000000 1
    -0.3272000000  0.6728000000  0.5000000000 1
    -0.3176000000  0.6824000000  0.5000000000 1
    -0.3080000000  0.6920000000  0.5000000000 1
    -0.2984000000  0.7016000000  0.5000000000 1
    -0.2888000000  0.7112000000  0.5000000000 1
    -0.2792000000  0.7208000000  0.5000000000 1
    -0.2696000000  0.7304000000  0.5000000000 1
    -0.2600000000  0.7400000000  0.5000000000 1
    -0.2565789474  0.7368421053  0.5000000000 1
    -0.2531578947  0.7336842105  0.5000000000 1
    -0.2497368421  0.7305263158  0.5000000000 1
    -0.2463157895  0.7273684211  0.5000000000 1
    -0.2428947368  0.7242105263  0.5000000000 1
    -0.2394736842  0.7210526316  0.5000000000 1
    -0.2360526316  0.7178947368  0.5000000000 1
    -0.2326315789  0.7147368421  0.5000000000 1
    -0.2292105263  0.7115789474  0.5000000000 1
    -0.2257894737  0.7084210526  0.5000000000 1
    -0.2223684211  0.7052631579  0.5000000000 1
    -0.2189473684  0.7021052632  0.5000000000 1
    -0.2155263158  0.6989473684  0.5000000000 1
    -0.2121052632  0.6957894737  0.5000000000 1
    -0.2086842105  0.6926315789  0.5000000000 1
    -0.2052631579  0.6894736842  0.5000000000 1
    -0.2018421053  0.6863157895  0.5000000000 1
    -0.1984210526  0.6831578947  0.5000000000 1
    -0.1950000000  0.6800000000  0.5000000000 1
    -0.1915789474  0.6768421053  0.5000000000 1
    -0.1881578947  0.6736842105  0.5000000000 1
    -0.1847368421  0.6705263158  0.5000000000 1
    -0.1813157895  0.6673684211  0.5000000000 1
    -0.1778947368  0.6642105263  0.5000000000 1
    -0.1744736842  0.6610526316  0.5000000000 1
    -0.1710526316  0.6578947368  0.5000000000 1
    -0.1676315789  0.6547368421  0.5000000000 1
    -0.1642105263  0.6515789474  0.5000000000 1
    -0.1607894737  0.6484210526  0.5000000000 1
    -0.1573684211  0.6452631579  0.5000000000 1
    -0.1539473684  0.6421052632  0.5000000000 1
    -0.1505263158  0.6389473684  0.5000000000 1
    -0.1471052632  0.6357894737  0.5000000000 1
    -0.1436842105  0.6326315789  0.5000000000 1
    -0.1402631579  0.6294736842  0.5000000000 1
    -0.1368421053  0.6263157895  0.5000000000 1
    -0.1334210526  0.6231578947  0.5000000000 1
    -0.1300000000  0.6200000000  0.5000000000 1
    -0.1265789474  0.6168421053  0.5000000000 1
    -0.1231578947  0.6136842105  0.5000000000 1
    -0.1197368421  0.6105263158  0.5000000000 1
    -0.1163157895  0.6073684211  0.5000000000 1
    -0.1128947368  0.6042105263  0.5000000000 1
    -0.1094736842  0.6010526316  0.5000000000 1
    -0.1060526316  0.5978947368  0.5000000000 1
    -0.1026315789  0.5947368421  0.5000000000 1
    -0.0992105263  0.5915789474  0.5000000000 1
    -0.0957894737  0.5884210526  0.5000000000 1
    -0.0923684211  0.5852631579  0.5000000000 1
    -0.0889473684  0.5821052632  0.5000000000 1
    -0.0855263158  0.5789473684  0.5000000000 1
    -0.0821052632  0.5757894737  0.5000000000 1
    -0.0786842105  0.5726315789  0.5000000000 1
    -0.0752631579  0.5694736842  0.5000000000 1
    -0.0718421053  0.5663157895  0.5000000000 1
    -0.0684210526  0.5631578947  0.5000000000 1
    -0.0650000000  0.5600000000  0.5000000000 1
    -0.0615789474  0.5568421053  0.5000000000 1
    -0.0581578947  0.5536842105  0.5000000000 1
    -0.0547368421  0.5505263158  0.5000000000 1
    -0.0513157895  0.5473684211  0.5000000000 1
    -0.0478947368  0.5442105263  0.5000000000 1
    -0.0444736842  0.5410526316  0.5000000000 1
    -0.0410526316  0.5378947368  0.5000000000 1
    -0.0376315789  0.5347368421  0.5000000000 1
    -0.0342105263  0.5315789474  0.5000000000 1
    -0.0307894737  0.5284210526  0.5000000000 1
    -0.0273684211  0.5252631579  0.5000000000 1
    -0.0239473684  0.5221052632  0.5000000000 1
    -0.0205263158  0.5189473684  0.5000000000 1
    -0.0171052632  0.5157894737  0.5000000000 1
    -0.0136842105  0.5126315789  0.5000000000 1
    -0.0102631579  0.5094736842  0.5000000000 1
    -0.0068421053  0.5063157895  0.5000000000 1
    -0.0034210526  0.5031578947  0.5000000000 1
    0.0000000000  0.5000000000  0.5000000000 1
    0.0000000000  0.4939024390  0.4939024390 1
    0.0000000000  0.4878048780  0.4878048780 1
    0.0000000000  0.4817073171  0.4817073171 1
    0.0000000000  0.4756097561  0.4756097561 1
    0.0000000000  0.4695121951  0.4695121951 1
    0.0000000000  0.4634146341  0.4634146341 1
    0.0000000000  0.4573170732  0.4573170732 1
    0.0000000000  0.4512195122  0.4512195122 1
    0.0000000000  0.4451219512  0.4451219512 1
    0.0000000000  0.4390243902  0.4390243902 1
    0.0000000000  0.4329268293  0.4329268293 1
    0.0000000000  0.4268292683  0.4268292683 1
    0.0000000000  0.4207317073  0.4207317073 1
    0.0000000000  0.4146341463  0.4146341463 1
    0.0000000000  0.4085365854  0.4085365854 1
    0.0000000000  0.4024390244  0.4024390244 1
    0.0000000000  0.3963414634  0.3963414634 1
    0.0000000000  0.3902439024  0.3902439024 1
    0.0000000000  0.3841463415  0.3841463415 1
    0.0000000000  0.3780487805  0.3780487805 1
    0.0000000000  0.3719512195  0.3719512195 1
    0.0000000000  0.3658536585  0.3658536585 1
    0.0000000000  0.3597560976  0.3597560976 1
    0.0000000000  0.3536585366  0.3536585366 1
    0.0000000000  0.3475609756  0.3475609756 1
    0.0000000000  0.3414634146  0.3414634146 1
    0.0000000000  0.3353658537  0.3353658537 1
    0.0000000000  0.3292682927  0.3292682927 1
    0.0000000000  0.3231707317  0.3231707317 1
    0.0000000000  0.3170731707  0.3170731707 1
    0.0000000000  0.3109756098  0.3109756098 1
    0.0000000000  0.3048780488  0.3048780488 1
    0.0000000000  0.2987804878  0.2987804878 1
    0.0000000000  0.2926829268  0.2926829268 1
    0.0000000000  0.2865853659  0.2865853659 1
    0.0000000000  0.2804878049  0.2804878049 1
    0.0000000000  0.2743902439  0.2743902439 1
    0.0000000000  0.2682926829  0.2682926829 1
    0.0000000000  0.2621951220  0.2621951220 1
    0.0000000000  0.2560975610  0.2560975610 1
    0.0000000000  0.2500000000  0.2500000000 1
    0.0000000000  0.2439024390  0.2439024390 1
    0.0000000000  0.2378048780  0.2378048780 1
    0.0000000000  0.2317073171  0.2317073171 1
    0.0000000000  0.2256097561  0.2256097561 1
    0.0000000000  0.2195121951  0.2195121951 1
    0.0000000000  0.2134146341  0.2134146341 1
    0.0000000000  0.2073170732  0.2073170732 1
    0.0000000000  0.2012195122  0.2012195122 1
    0.0000000000  0.1951219512  0.1951219512 1
    0.0000000000  0.1890243902  0.1890243902 1
    0.0000000000  0.1829268293  0.1829268293 1
    0.0000000000  0.1768292683  0.1768292683 1
    0.0000000000  0.1707317073  0.1707317073 1
    0.0000000000  0.1646341463  0.1646341463 1
    0.0000000000  0.1585365854  0.1585365854 1
    0.0000000000  0.1524390244  0.1524390244 1
    0.0000000000  0.1463414634  0.1463414634 1
    0.0000000000  0.1402439024  0.1402439024 1
    0.0000000000  0.1341463415  0.1341463415 1
    0.0000000000  0.1280487805  0.1280487805 1
    0.0000000000  0.1219512195  0.1219512195 1
    0.0000000000  0.1158536585  0.1158536585 1
    0.0000000000  0.1097560976  0.1097560976 1
    0.0000000000  0.1036585366  0.1036585366 1
    0.0000000000  0.0975609756  0.0975609756 1
    0.0000000000  0.0914634146  0.0914634146 1
    0.0000000000  0.0853658537  0.0853658537 1
    0.0000000000  0.0792682927  0.0792682927 1
    0.0000000000  0.0731707317  0.0731707317 1
    0.0000000000  0.0670731707  0.0670731707 1
    0.0000000000  0.0609756098  0.0609756098 1
    0.0000000000  0.0548780488  0.0548780488 1
    0.0000000000  0.0487804878  0.0487804878 1
    0.0000000000  0.0426829268  0.0426829268 1
    0.0000000000  0.0365853659  0.0365853659 1
    0.0000000000  0.0304878049  0.0304878049 1
    0.0000000000  0.0243902439  0.0243902439 1
    0.0000000000  0.0182926829  0.0182926829 1
    0.0000000000  0.0121951220  0.0121951220 1
    0.0000000000  0.0060975610  0.0060975610 1
    0.0000000000  0.0000000000  0.0000000000 1
    0.0000000000  0.0000000000  0.0142857143 1
    0.0000000000  0.0000000000  0.0285714286 1
    0.0000000000  0.0000000000  0.0428571429 1
    0.0000000000  0.0000000000  0.0571428571 1
    0.0000000000  0.0000000000  0.0714285714 1
    0.0000000000  0.0000000000  0.0857142857 1
    0.0000000000  0.0000000000  0.1000000000 1
    0.0000000000  0.0000000000  0.1142857143 1
    0.0000000000  0.0000000000  0.1285714286 1
    0.0000000000  0.0000000000  0.1428571429 1
    0.0000000000  0.0000000000  0.1571428571 1
    0.0000000000  0.0000000000  0.1714285714 1
    0.0000000000  0.0000000000  0.1857142857 1
    0.0000000000  0.0000000000  0.2000000000 1
    0.0000000000  0.0000000000  0.2142857143 1
    0.0000000000  0.0000000000  0.2285714286 1
    0.0000000000  0.0000000000  0.2428571429 1
    0.0000000000  0.0000000000  0.2571428571 1
    0.0000000000  0.0000000000  0.2714285714 1
    0.0000000000  0.0000000000  0.2857142857 1
    0.0000000000  0.0000000000  0.3000000000 1
    0.0000000000  0.0000000000  0.3142857143 1
    0.0000000000  0.0000000000  0.3285714286 1
    0.0000000000  0.0000000000  0.3428571429 1
    0.0000000000  0.0000000000  0.3571428571 1
    0.0000000000  0.0000000000  0.3714285714 1
    0.0000000000  0.0000000000  0.3857142857 1
    0.0000000000  0.0000000000  0.4000000000 1
    0.0000000000  0.0000000000  0.4142857143 1
    0.0000000000  0.0000000000  0.4285714286 1
    0.0000000000  0.0000000000  0.4428571429 1
    0.0000000000  0.0000000000  0.4571428571 1
    0.0000000000  0.0000000000  0.4714285714 1
    0.0000000000  0.0000000000  0.4857142857 1
    0.0000000000  0.0000000000  0.5000000000 1
