&input
 flfrc='hea.332.fc',
 q_in_cryst_coord=.TRUE.,
 asr='simple',
 flfrq='hea.freq',
/
450
    0.0000000000  0.0000000000  0.0000000000 1
    0.0000000000  0.0068493151  0.0000000000 1
    0.0000000000  0.0136986301  0.0000000000 1
    0.0000000000  0.0205479452  0.0000000000 1
    0.0000000000  0.0273972603  0.0000000000 1
    0.0000000000  0.0342465753  0.0000000000 1
    0.0000000000  0.0410958904  0.0000000000 1
    0.0000000000  0.0479452055  0.0000000000 1
    0.0000000000  0.0547945205  0.0000000000 1
    0.0000000000  0.0616438356  0.0000000000 1
    0.0000000000  0.0684931507  0.0000000000 1
    0.0000000000  0.0753424658  0.0000000000 1
    0.0000000000  0.0821917808  0.0000000000 1
    0.0000000000  0.0890410959  0.0000000000 1
    0.0000000000  0.0958904110  0.0000000000 1
    0.0000000000  0.1027397260  0.0000000000 1
    0.0000000000  0.1095890411  0.0000000000 1
    0.0000000000  0.1164383562  0.0000000000 1
    0.0000000000  0.1232876712  0.0000000000 1
    0.0000000000  0.1301369863  0.0000000000 1
    0.0000000000  0.1369863014  0.0000000000 1
    0.0000000000  0.1438356164  0.0000000000 1
    0.0000000000  0.1506849315  0.0000000000 1
    0.0000000000  0.1575342466  0.0000000000 1
    0.0000000000  0.1643835616  0.0000000000 1
    0.0000000000  0.1712328767  0.0000000000 1
    0.0000000000  0.1780821918  0.0000000000 1
    0.0000000000  0.1849315068  0.0000000000 1
    0.0000000000  0.1917808219  0.0000000000 1
    0.0000000000  0.1986301370  0.0000000000 1
    0.0000000000  0.2054794521  0.0000000000 1
    0.0000000000  0.2123287671  0.0000000000 1
    0.0000000000  0.2191780822  0.0000000000 1
    0.0000000000  0.2260273973  0.0000000000 1
    0.0000000000  0.2328767123  0.0000000000 1
    0.0000000000  0.2397260274  0.0000000000 1
    0.0000000000  0.2465753425  0.0000000000 1
    0.0000000000  0.2534246575  0.0000000000 1
    0.0000000000  0.2602739726  0.0000000000 1
    0.0000000000  0.2671232877  0.0000000000 1
    0.0000000000  0.2739726027  0.0000000000 1
    0.0000000000  0.2808219178  0.0000000000 1
    0.0000000000  0.2876712329  0.0000000000 1
    0.0000000000  0.2945205479  0.0000000000 1
    0.0000000000  0.3013698630  0.0000000000 1
    0.0000000000  0.3082191781  0.0000000000 1
    0.0000000000  0.3150684932  0.0000000000 1
    0.0000000000  0.3219178082  0.0000000000 1
    0.0000000000  0.3287671233  0.0000000000 1
    0.0000000000  0.3356164384  0.0000000000 1
    0.0000000000  0.3424657534  0.0000000000 1
    0.0000000000  0.3493150685  0.0000000000 1
    0.0000000000  0.3561643836  0.0000000000 1
    0.0000000000  0.3630136986  0.0000000000 1
    0.0000000000  0.3698630137  0.0000000000 1
    0.0000000000  0.3767123288  0.0000000000 1
    0.0000000000  0.3835616438  0.0000000000 1
    0.0000000000  0.3904109589  0.0000000000 1
    0.0000000000  0.3972602740  0.0000000000 1
    0.0000000000  0.4041095890  0.0000000000 1
    0.0000000000  0.4109589041  0.0000000000 1
    0.0000000000  0.4178082192  0.0000000000 1
    0.0000000000  0.4246575342  0.0000000000 1
    0.0000000000  0.4315068493  0.0000000000 1
    0.0000000000  0.4383561644  0.0000000000 1
    0.0000000000  0.4452054795  0.0000000000 1
    0.0000000000  0.4520547945  0.0000000000 1
    0.0000000000  0.4589041096  0.0000000000 1
    0.0000000000  0.4657534247  0.0000000000 1
    0.0000000000  0.4726027397  0.0000000000 1
    0.0000000000  0.4794520548  0.0000000000 1
    0.0000000000  0.4863013699  0.0000000000 1
    0.0000000000  0.4931506849  0.0000000000 1
    0.0000000000  0.5000000000  0.0000000000 1
    -0.0040579710  0.5031884058  0.0000000000 1
    -0.0081159420  0.5063768116  0.0000000000 1
    -0.0121739130  0.5095652174  0.0000000000 1
    -0.0162318841  0.5127536232  0.0000000000 1
    -0.0202898551  0.5159420290  0.0000000000 1
    -0.0243478261  0.5191304348  0.0000000000 1
    -0.0284057971  0.5223188406  0.0000000000 1
    -0.0324637681  0.5255072464  0.0000000000 1
    -0.0365217391  0.5286956522  0.0000000000 1
    -0.0405797101  0.5318840580  0.0000000000 1
    -0.0446376812  0.5350724638  0.0000000000 1
    -0.0486956522  0.5382608696  0.0000000000 1
    -0.0527536232  0.5414492754  0.0000000000 1
    -0.0568115942  0.5446376812  0.0000000000 1
    -0.0608695652  0.5478260870  0.0000000000 1
    -0.0649275362  0.5510144928  0.0000000000 1
    -0.0689855072  0.5542028986  0.0000000000 1
    -0.0730434783  0.5573913043  0.0000000000 1
    -0.0771014493  0.5605797101  0.0000000000 1
    -0.0811594203  0.5637681159  0.0000000000 1
    -0.0852173913  0.5669565217  0.0000000000 1
    -0.0892753623  0.5701449275  0.0000000000 1
    -0.0933333333  0.5733333333  0.0000000000 1
    -0.0973913043  0.5765217391  0.0000000000 1
    -0.1014492754  0.5797101449  0.0000000000 1
    -0.1055072464  0.5828985507  0.0000000000 1
    -0.1095652174  0.5860869565  0.0000000000 1
    -0.1136231884  0.5892753623  0.0000000000 1
    -0.1176811594  0.5924637681  0.0000000000 1
    -0.1217391304  0.5956521739  0.0000000000 1
    -0.1257971014  0.5988405797  0.0000000000 1
    -0.1298550725  0.6020289855  0.0000000000 1
    -0.1339130435  0.6052173913  0.0000000000 1
    -0.1379710145  0.6084057971  0.0000000000 1
    -0.1420289855  0.6115942029  0.0000000000 1
    -0.1460869565  0.6147826087  0.0000000000 1
    -0.1501449275  0.6179710145  0.0000000000 1
    -0.1542028986  0.6211594203  0.0000000000 1
    -0.1582608696  0.6243478261  0.0000000000 1
    -0.1623188406  0.6275362319  0.0000000000 1
    -0.1663768116  0.6307246377  0.0000000000 1
    -0.1704347826  0.6339130435  0.0000000000 1
    -0.1744927536  0.6371014493  0.0000000000 1
    -0.1785507246  0.6402898551  0.0000000000 1
    -0.1826086957  0.6434782609  0.0000000000 1
    -0.1866666667  0.6466666667  0.0000000000 1
    -0.1907246377  0.6498550725  0.0000000000 1
    -0.1947826087  0.6530434783  0.0000000000 1
    -0.1988405797  0.6562318841  0.0000000000 1
    -0.2028985507  0.6594202899  0.0000000000 1
    -0.2069565217  0.6626086957  0.0000000000 1
    -0.2110144928  0.6657971014  0.0000000000 1
    -0.2150724638  0.6689855072  0.0000000000 1
    -0.2191304348  0.6721739130  0.0000000000 1
    -0.2231884058  0.6753623188  0.0000000000 1
    -0.2272463768  0.6785507246  0.0000000000 1
    -0.2313043478  0.6817391304  0.0000000000 1
    -0.2353623188  0.6849275362  0.0000000000 1
    -0.2394202899  0.6881159420  0.0000000000 1
    -0.2434782609  0.6913043478  0.0000000000 1
    -0.2475362319  0.6944927536  0.0000000000 1
    -0.2515942029  0.6976811594  0.0000000000 1
    -0.2556521739  0.7008695652  0.0000000000 1
    -0.2597101449  0.7040579710  0.0000000000 1
    -0.2637681159  0.7072463768  0.0000000000 1
    -0.2678260870  0.7104347826  0.0000000000 1
    -0.2718840580  0.7136231884  0.0000000000 1
    -0.2759420290  0.7168115942  0.0000000000 1
    -0.2800000000  0.7200000000  0.0000000000 1
    -0.2910000000  0.7090000000  0.0000000000 1
    -0.3020000000  0.6980000000  0.0000000000 1
    -0.3130000000  0.6870000000  0.0000000000 1
    -0.3240000000  0.6760000000  0.0000000000 1
    -0.3350000000  0.6650000000  0.0000000000 1
    -0.3460000000  0.6540000000  0.0000000000 1
    -0.3570000000  0.6430000000  0.0000000000 1
    -0.3680000000  0.6320000000  0.0000000000 1
    -0.3790000000  0.6210000000  0.0000000000 1
    -0.3900000000  0.6100000000  0.0000000000 1
    -0.4010000000  0.5990000000  0.0000000000 1
    -0.4120000000  0.5880000000  0.0000000000 1
    -0.4230000000  0.5770000000  0.0000000000 1
    -0.4340000000  0.5660000000  0.0000000000 1
    -0.4450000000  0.5550000000  0.0000000000 1
    -0.4560000000  0.5440000000  0.0000000000 1
    -0.4670000000  0.5330000000  0.0000000000 1
    -0.4780000000  0.5220000000  0.0000000000 1
    -0.4890000000  0.5110000000  0.0000000000 1
    -0.5000000000  0.5000000000  0.0000000000 1
    -0.4893617021  0.4893617021  0.0000000000 1
    -0.4787234043  0.4787234043  0.0000000000 1
    -0.4680851064  0.4680851064  0.0000000000 1
    -0.4574468085  0.4574468085  0.0000000000 1
    -0.4468085106  0.4468085106  0.0000000000 1
    -0.4361702128  0.4361702128  0.0000000000 1
    -0.4255319149  0.4255319149  0.0000000000 1
    -0.4148936170  0.4148936170  0.0000000000 1
    -0.4042553191  0.4042553191  0.0000000000 1
    -0.3936170213  0.3936170213  0.0000000000 1
    -0.3829787234  0.3829787234  0.0000000000 1
    -0.3723404255  0.3723404255  0.0000000000 1
    -0.3617021277  0.3617021277  0.0000000000 1
    -0.3510638298  0.3510638298  0.0000000000 1
    -0.3404255319  0.3404255319  0.0000000000 1
    -0.3297872340  0.3297872340  0.0000000000 1
    -0.3191489362  0.3191489362  0.0000000000 1
    -0.3085106383  0.3085106383  0.0000000000 1
    -0.2978723404  0.2978723404  0.0000000000 1
    -0.2872340426  0.2872340426  0.0000000000 1
    -0.2765957447  0.2765957447  0.0000000000 1
    -0.2659574468  0.2659574468  0.0000000000 1
    -0.2553191489  0.2553191489  0.0000000000 1
    -0.2446808511  0.2446808511  0.0000000000 1
    -0.2340425532  0.2340425532  0.0000000000 1
    -0.2234042553  0.2234042553  0.0000000000 1
    -0.2127659574  0.2127659574  0.0000000000 1
    -0.2021276596  0.2021276596  0.0000000000 1
    -0.1914893617  0.1914893617  0.0000000000 1
    -0.1808510638  0.1808510638  0.0000000000 1
    -0.1702127660  0.1702127660  0.0000000000 1
    -0.1595744681  0.1595744681  0.0000000000 1
    -0.1489361702  0.1489361702  0.0000000000 1
    -0.1382978723  0.1382978723  0.0000000000 1
    -0.1276595745  0.1276595745  0.0000000000 1
    -0.1170212766  0.1170212766  0.0000000000 1
    -0.1063829787  0.1063829787  0.0000000000 1
    -0.0957446809  0.0957446809  0.0000000000 1
    -0.0851063830  0.0851063830  0.0000000000 1
    -0.0744680851  0.0744680851  0.0000000000 1
    -0.0638297872  0.0638297872  0.0000000000 1
    -0.0531914894  0.0531914894  0.0000000000 1
    -0.0425531915  0.0425531915  0.0000000000 1
    -0.0319148936  0.0319148936  0.0000000000 1
    -0.0212765957  0.0212765957  0.0000000000 1
    -0.0106382979  0.0106382979  0.0000000000 1
    0.0000000000  0.0000000000  0.0000000000 1
    -0.0119047619  0.0119047619  0.0119047619 1
    -0.0238095238  0.0238095238  0.0238095238 1
    -0.0357142857  0.0357142857  0.0357142857 1
    -0.0476190476  0.0476190476  0.0476190476 1
    -0.0595238095  0.0595238095  0.0595238095 1
    -0.0714285714  0.0714285714  0.0714285714 1
    -0.0833333333  0.0833333333  0.0833333333 1
    -0.0952380952  0.0952380952  0.0952380952 1
    -0.1071428571  0.1071428571  0.1071428571 1
    -0.1190476190  0.1190476190  0.1190476190 1
    -0.1309523810  0.1309523810  0.1309523810 1
    -0.1428571429  0.1428571429  0.1428571429 1
    -0.1547619048  0.1547619048  0.1547619048 1
    -0.1666666667  0.1666666667  0.1666666667 1
    -0.1785714286  0.1785714286  0.1785714286 1
    -0.1904761905  0.1904761905  0.1904761905 1
    -0.2023809524  0.2023809524  0.2023809524 1
    -0.2142857143  0.2142857143  0.2142857143 1
    -0.2261904762  0.2261904762  0.2261904762 1
    -0.2380952381  0.2380952381  0.2380952381 1
    -0.2500000000  0.2500000000  0.2500000000 1
    -0.2619047619  0.2619047619  0.2619047619 1
    -0.2738095238  0.2738095238  0.2738095238 1
    -0.2857142857  0.2857142857  0.2857142857 1
    -0.2976190476  0.2976190476  0.2976190476 1
    -0.3095238095  0.3095238095  0.3095238095 1
    -0.3214285714  0.3214285714  0.3214285714 1
    -0.3333333333  0.3333333333  0.3333333333 1
    -0.3452380952  0.3452380952  0.3452380952 1
    -0.3571428571  0.3571428571  0.3571428571 1
    -0.3690476190  0.3690476190  0.3690476190 1
    -0.3809523810  0.3809523810  0.3809523810 1
    -0.3928571429  0.3928571429  0.3928571429 1
    -0.4047619048  0.4047619048  0.4047619048 1
    -0.4166666667  0.4166666667  0.4166666667 1
    -0.4285714286  0.4285714286  0.4285714286 1
    -0.4404761905  0.4404761905  0.4404761905 1
    -0.4523809524  0.4523809524  0.4523809524 1
    -0.4642857143  0.4642857143  0.4642857143 1
    -0.4761904762  0.4761904762  0.4761904762 1
    -0.4880952381  0.4880952381  0.4880952381 1
    -0.5000000000  0.5000000000  0.5000000000 1
    -0.4890909091  0.5109090909  0.5000000000 1
    -0.4781818182  0.5218181818  0.5000000000 1
    -0.4672727273  0.5327272727  0.5000000000 1
    -0.4563636364  0.5436363636  0.5000000000 1
    -0.4454545455  0.5545454545  0.5000000000 1
    -0.4345454545  0.5654545455  0.5000000000 1
    -0.4236363636  0.5763636364  0.5000000000 1
    -0.4127272727  0.5872727273  0.5000000000 1
    -0.4018181818  0.5981818182  0.5000000000 1
    -0.3909090909  0.6090909091  0.5000000000 1
    -0.3800000000  0.6200000000  0.5000000000 1
    -0.3690909091  0.6309090909  0.5000000000 1
    -0.3581818182  0.6418181818  0.5000000000 1
    -0.3472727273  0.6527272727  0.5000000000 1
    -0.3363636364  0.6636363636  0.5000000000 1
    -0.3254545455  0.6745454545  0.5000000000 1
    -0.3145454545  0.6854545455  0.5000000000 1
    -0.3036363636  0.6963636364  0.5000000000 1
    -0.2927272727  0.7072727273  0.5000000000 1
    -0.2818181818  0.7181818182  0.5000000000 1
    -0.2709090909  0.7290909091  0.5000000000 1
    -0.2600000000  0.7400000000  0.5000000000 1
    -0.2562318841  0.7365217391  0.5000000000 1
    -0.2524637681  0.7330434783  0.5000000000 1
    -0.2486956522  0.7295652174  0.5000000000 1
    -0.2449275362  0.7260869565  0.5000000000 1
    -0.2411594203  0.7226086957  0.5000000000 1
    -0.2373913043  0.7191304348  0.5000000000 1
    -0.2336231884  0.7156521739  0.5000000000 1
    -0.2298550725  0.7121739130  0.5000000000 1
    -0.2260869565  0.7086956522  0.5000000000 1
    -0.2223188406  0.7052173913  0.5000000000 1
    -0.2185507246  0.7017391304  0.5000000000 1
    -0.2147826087  0.6982608696  0.5000000000 1
    -0.2110144928  0.6947826087  0.5000000000 1
    -0.2072463768  0.6913043478  0.5000000000 1
    -0.2034782609  0.6878260870  0.5000000000 1
    -0.1997101449  0.6843478261  0.5000000000 1
    -0.1959420290  0.6808695652  0.5000000000 1
    -0.1921739130  0.6773913043  0.5000000000 1
    -0.1884057971  0.6739130435  0.5000000000 1
    -0.1846376812  0.6704347826  0.5000000000 1
    -0.1808695652  0.6669565217  0.5000000000 1
    -0.1771014493  0.6634782609  0.5000000000 1
    -0.1733333333  0.6600000000  0.5000000000 1
    -0.1695652174  0.6565217391  0.5000000000 1
    -0.1657971014  0.6530434783  0.5000000000 1
    -0.1620289855  0.6495652174  0.5000000000 1
    -0.1582608696  0.6460869565  0.5000000000 1
    -0.1544927536  0.6426086957  0.5000000000 1
    -0.1507246377  0.6391304348  0.5000000000 1
    -0.1469565217  0.6356521739  0.5000000000 1
    -0.1431884058  0.6321739130  0.5000000000 1
    -0.1394202899  0.6286956522  0.5000000000 1
    -0.1356521739  0.6252173913  0.5000000000 1
    -0.1318840580  0.6217391304  0.5000000000 1
    -0.1281159420  0.6182608696  0.5000000000 1
    -0.1243478261  0.6147826087  0.5000000000 1
    -0.1205797101  0.6113043478  0.5000000000 1
    -0.1168115942  0.6078260870  0.5000000000 1
    -0.1130434783  0.6043478261  0.5000000000 1
    -0.1092753623  0.6008695652  0.5000000000 1
    -0.1055072464  0.5973913043  0.5000000000 1
    -0.1017391304  0.5939130435  0.5000000000 1
    -0.0979710145  0.5904347826  0.5000000000 1
    -0.0942028986  0.5869565217  0.5000000000 1
    -0.0904347826  0.5834782609  0.5000000000 1
    -0.0866666667  0.5800000000  0.5000000000 1
    -0.0828985507  0.5765217391  0.5000000000 1
    -0.0791304348  0.5730434783  0.5000000000 1
    -0.0753623188  0.5695652174  0.5000000000 1
    -0.0715942029  0.5660869565  0.5000000000 1
    -0.0678260870  0.5626086957  0.5000000000 1
    -0.0640579710  0.5591304348  0.5000000000 1
    -0.0602898551  0.5556521739  0.5000000000 1
    -0.0565217391  0.5521739130  0.5000000000 1
    -0.0527536232  0.5486956522  0.5000000000 1
    -0.0489855072  0.5452173913  0.5000000000 1
    -0.0452173913  0.5417391304  0.5000000000 1
    -0.0414492754  0.5382608696  0.5000000000 1
    -0.0376811594  0.5347826087  0.5000000000 1
    -0.0339130435  0.5313043478  0.5000000000 1
    -0.0301449275  0.5278260870  0.5000000000 1
    -0.0263768116  0.5243478261  0.5000000000 1
    -0.0226086957  0.5208695652  0.5000000000 1
    -0.0188405797  0.5173913043  0.5000000000 1
    -0.0150724638  0.5139130435  0.5000000000 1
    -0.0113043478  0.5104347826  0.5000000000 1
    -0.0075362319  0.5069565217  0.5000000000 1
    -0.0037681159  0.5034782609  0.5000000000 1
    0.0000000000  0.5000000000  0.5000000000 1
    0.0000000000  0.4933333333  0.4933333333 1
    0.0000000000  0.4866666667  0.4866666667 1
    0.0000000000  0.4800000000  0.4800000000 1
    0.0000000000  0.4733333333  0.4733333333 1
    0.0000000000  0.4666666667  0.4666666667 1
    0.0000000000  0.4600000000  0.4600000000 1
    0.0000000000  0.4533333333  0.4533333333 1
    0.0000000000  0.4466666667  0.4466666667 1
    0.0000000000  0.4400000000  0.4400000000 1
    0.0000000000  0.4333333333  0.4333333333 1
    0.0000000000  0.4266666667  0.4266666667 1
    0.0000000000  0.4200000000  0.4200000000 1
    0.0000000000  0.4133333333  0.4133333333 1
    0.0000000000  0.4066666667  0.4066666667 1
    0.0000000000  0.4000000000  0.4000000000 1
    0.0000000000  0.3933333333  0.3933333333 1
    0.0000000000  0.3866666667  0.3866666667 1
    0.0000000000  0.3800000000  0.3800000000 1
    0.0000000000  0.3733333333  0.3733333333 1
    0.0000000000  0.3666666667  0.3666666667 1
    0.0000000000  0.3600000000  0.3600000000 1
    0.0000000000  0.3533333333  0.3533333333 1
    0.0000000000  0.3466666667  0.3466666667 1
    0.0000000000  0.3400000000  0.3400000000 1
    0.0000000000  0.3333333333  0.3333333333 1
    0.0000000000  0.3266666667  0.3266666667 1
    0.0000000000  0.3200000000  0.3200000000 1
    0.0000000000  0.3133333333  0.3133333333 1
    0.0000000000  0.3066666667  0.3066666667 1
    0.0000000000  0.3000000000  0.3000000000 1
    0.0000000000  0.2933333333  0.2933333333 1
    0.0000000000  0.2866666667  0.2866666667 1
    0.0000000000  0.2800000000  0.2800000000 1
    0.0000000000  0.2733333333  0.2733333333 1
    0.0000000000  0.2666666667  0.2666666667 1
    0.0000000000  0.2600000000  0.2600000000 1
    0.0000000000  0.2533333333  0.2533333333 1
    0.0000000000  0.2466666667  0.2466666667 1
    0.0000000000  0.2400000000  0.2400000000 1
    0.0000000000  0.2333333333  0.2333333333 1
    0.0000000000  0.2266666667  0.2266666667 1
    0.0000000000  0.2200000000  0.2200000000 1
    0.0000000000  0.2133333333  0.2133333333 1
    0.0000000000  0.2066666667  0.2066666667 1
    0.0000000000  0.2000000000  0.2000000000 1
    0.0000000000  0.1933333333  0.1933333333 1
    0.0000000000  0.1866666667  0.1866666667 1
    0.0000000000  0.1800000000  0.1800000000 1
    0.0000000000  0.1733333333  0.1733333333 1
    0.0000000000  0.1666666667  0.1666666667 1
    0.0000000000  0.1600000000  0.1600000000 1
    0.0000000000  0.1533333333  0.1533333333 1
    0.0000000000  0.1466666667  0.1466666667 1
    0.0000000000  0.1400000000  0.1400000000 1
    0.0000000000  0.1333333333  0.1333333333 1
    0.0000000000  0.1266666667  0.1266666667 1
    0.0000000000  0.1200000000  0.1200000000 1
    0.0000000000  0.1133333333  0.1133333333 1
    0.0000000000  0.1066666667  0.1066666667 1
    0.0000000000  0.1000000000  0.1000000000 1
    0.0000000000  0.0933333333  0.0933333333 1
    0.0000000000  0.0866666667  0.0866666667 1
    0.0000000000  0.0800000000  0.0800000000 1
    0.0000000000  0.0733333333  0.0733333333 1
    0.0000000000  0.0666666667  0.0666666667 1
    0.0000000000  0.0600000000  0.0600000000 1
    0.0000000000  0.0533333333  0.0533333333 1
    0.0000000000  0.0466666667  0.0466666667 1
    0.0000000000  0.0400000000  0.0400000000 1
    0.0000000000  0.0333333333  0.0333333333 1
    0.0000000000  0.0266666667  0.0266666667 1
    0.0000000000  0.0200000000  0.0200000000 1
    0.0000000000  0.0133333333  0.0133333333 1
    0.0000000000  0.0066666667  0.0066666667 1
    0.0000000000  0.0000000000  0.0000000000 1
    0.0000000000  0.0000000000  0.0156250000 1
    0.0000000000  0.0000000000  0.0312500000 1
    0.0000000000  0.0000000000  0.0468750000 1
    0.0000000000  0.0000000000  0.0625000000 1
    0.0000000000  0.0000000000  0.0781250000 1
    0.0000000000  0.0000000000  0.0937500000 1
    0.0000000000  0.0000000000  0.1093750000 1
    0.0000000000  0.0000000000  0.1250000000 1
    0.0000000000  0.0000000000  0.1406250000 1
    0.0000000000  0.0000000000  0.1562500000 1
    0.0000000000  0.0000000000  0.1718750000 1
    0.0000000000  0.0000000000  0.1875000000 1
    0.0000000000  0.0000000000  0.2031250000 1
    0.0000000000  0.0000000000  0.2187500000 1
    0.0000000000  0.0000000000  0.2343750000 1
    0.0000000000  0.0000000000  0.2500000000 1
    0.0000000000  0.0000000000  0.2656250000 1
    0.0000000000  0.0000000000  0.2812500000 1
    0.0000000000  0.0000000000  0.2968750000 1
    0.0000000000  0.0000000000  0.3125000000 1
    0.0000000000  0.0000000000  0.3281250000 1
    0.0000000000  0.0000000000  0.3437500000 1
    0.0000000000  0.0000000000  0.3593750000 1
    0.0000000000  0.0000000000  0.3750000000 1
    0.0000000000  0.0000000000  0.3906250000 1
    0.0000000000  0.0000000000  0.4062500000 1
    0.0000000000  0.0000000000  0.4218750000 1
    0.0000000000  0.0000000000  0.4375000000 1
    0.0000000000  0.0000000000  0.4531250000 1
    0.0000000000  0.0000000000  0.4687500000 1
    0.0000000000  0.0000000000  0.4843750000 1
    0.0000000000  0.0000000000  0.5000000000 1
