&input
 flfrc='nb.888.fc',
 q_in_cryst_coord=.TRUE.,
 asr='simple',
 flfrq='nb.freq',
/
407
    0.0000000000  0.0000000000  0.0000000000 1
    0.0051020408  -0.0051020408  0.0051020408 1
    0.0102040816  -0.0102040816  0.0102040816 1
    0.0153061224  -0.0153061224  0.0153061224 1
    0.0204081633  -0.0204081633  0.0204081633 1
    0.0255102041  -0.0255102041  0.0255102041 1
    0.0306122449  -0.0306122449  0.0306122449 1
    0.0357142857  -0.0357142857  0.0357142857 1
    0.0408163265  -0.0408163265  0.0408163265 1
    0.0459183673  -0.0459183673  0.0459183673 1
    0.0510204082  -0.0510204082  0.0510204082 1
    0.0561224490  -0.0561224490  0.0561224490 1
    0.0612244898  -0.0612244898  0.0612244898 1
    0.0663265306  -0.0663265306  0.0663265306 1
    0.0714285714  -0.0714285714  0.0714285714 1
    0.0765306122  -0.0765306122  0.0765306122 1
    0.0816326531  -0.0816326531  0.0816326531 1
    0.0867346939  -0.0867346939  0.0867346939 1
    0.0918367347  -0.0918367347  0.0918367347 1
    0.0969387755  -0.0969387755  0.0969387755 1
    0.1020408163  -0.1020408163  0.1020408163 1
    0.1071428571  -0.1071428571  0.1071428571 1
    0.1122448980  -0.1122448980  0.1122448980 1
    0.1173469388  -0.1173469388  0.1173469388 1
    0.1224489796  -0.1224489796  0.1224489796 1
    0.1275510204  -0.1275510204  0.1275510204 1
    0.1326530612  -0.1326530612  0.1326530612 1
    0.1377551020  -0.1377551020  0.1377551020 1
    0.1428571429  -0.1428571429  0.1428571429 1
    0.1479591837  -0.1479591837  0.1479591837 1
    0.1530612245  -0.1530612245  0.1530612245 1
    0.1581632653  -0.1581632653  0.1581632653 1
    0.1632653061  -0.1632653061  0.1632653061 1
    0.1683673469  -0.1683673469  0.1683673469 1
    0.1734693878  -0.1734693878  0.1734693878 1
    0.1785714286  -0.1785714286  0.1785714286 1
    0.1836734694  -0.1836734694  0.1836734694 1
    0.1887755102  -0.1887755102  0.1887755102 1
    0.1938775510  -0.1938775510  0.1938775510 1
    0.1989795918  -0.1989795918  0.1989795918 1
    0.2040816327  -0.2040816327  0.2040816327 1
    0.2091836735  -0.2091836735  0.2091836735 1
    0.2142857143  -0.2142857143  0.2142857143 1
    0.2193877551  -0.2193877551  0.2193877551 1
    0.2244897959  -0.2244897959  0.2244897959 1
    0.2295918367  -0.2295918367  0.2295918367 1
    0.2346938776  -0.2346938776  0.2346938776 1
    0.2397959184  -0.2397959184  0.2397959184 1
    0.2448979592  -0.2448979592  0.2448979592 1
    0.2500000000  -0.2500000000  0.2500000000 1
    0.2551020408  -0.2551020408  0.2551020408 1
    0.2602040816  -0.2602040816  0.2602040816 1
    0.2653061224  -0.2653061224  0.2653061224 1
    0.2704081633  -0.2704081633  0.2704081633 1
    0.2755102041  -0.2755102041  0.2755102041 1
    0.2806122449  -0.2806122449  0.2806122449 1
    0.2857142857  -0.2857142857  0.2857142857 1
    0.2908163265  -0.2908163265  0.2908163265 1
    0.2959183673  -0.2959183673  0.2959183673 1
    0.3010204082  -0.3010204082  0.3010204082 1
    0.3061224490  -0.3061224490  0.3061224490 1
    0.3112244898  -0.3112244898  0.3112244898 1
    0.3163265306  -0.3163265306  0.3163265306 1
    0.3214285714  -0.3214285714  0.3214285714 1
    0.3265306122  -0.3265306122  0.3265306122 1
    0.3316326531  -0.3316326531  0.3316326531 1
    0.3367346939  -0.3367346939  0.3367346939 1
    0.3418367347  -0.3418367347  0.3418367347 1
    0.3469387755  -0.3469387755  0.3469387755 1
    0.3520408163  -0.3520408163  0.3520408163 1
    0.3571428571  -0.3571428571  0.3571428571 1
    0.3622448980  -0.3622448980  0.3622448980 1
    0.3673469388  -0.3673469388  0.3673469388 1
    0.3724489796  -0.3724489796  0.3724489796 1
    0.3775510204  -0.3775510204  0.3775510204 1
    0.3826530612  -0.3826530612  0.3826530612 1
    0.3877551020  -0.3877551020  0.3877551020 1
    0.3928571429  -0.3928571429  0.3928571429 1
    0.3979591837  -0.3979591837  0.3979591837 1
    0.4030612245  -0.4030612245  0.4030612245 1
    0.4081632653  -0.4081632653  0.4081632653 1
    0.4132653061  -0.4132653061  0.4132653061 1
    0.4183673469  -0.4183673469  0.4183673469 1
    0.4234693878  -0.4234693878  0.4234693878 1
    0.4285714286  -0.4285714286  0.4285714286 1
    0.4336734694  -0.4336734694  0.4336734694 1
    0.4387755102  -0.4387755102  0.4387755102 1
    0.4438775510  -0.4438775510  0.4438775510 1
    0.4489795918  -0.4489795918  0.4489795918 1
    0.4540816327  -0.4540816327  0.4540816327 1
    0.4591836735  -0.4591836735  0.4591836735 1
    0.4642857143  -0.4642857143  0.4642857143 1
    0.4693877551  -0.4693877551  0.4693877551 1
    0.4744897959  -0.4744897959  0.4744897959 1
    0.4795918367  -0.4795918367  0.4795918367 1
    0.4846938776  -0.4846938776  0.4846938776 1
    0.4897959184  -0.4897959184  0.4897959184 1
    0.4948979592  -0.4948979592  0.4948979592 1
    0.5000000000  -0.5000000000  0.5000000000 1
    0.4927536232  -0.4927536232  0.5000000000 1
    0.4855072464  -0.4855072464  0.5000000000 1
    0.4782608696  -0.4782608696  0.5000000000 1
    0.4710144928  -0.4710144928  0.5000000000 1
    0.4637681159  -0.4637681159  0.5000000000 1
    0.4565217391  -0.4565217391  0.5000000000 1
    0.4492753623  -0.4492753623  0.5000000000 1
    0.4420289855  -0.4420289855  0.5000000000 1
    0.4347826087  -0.4347826087  0.5000000000 1
    0.4275362319  -0.4275362319  0.5000000000 1
    0.4202898551  -0.4202898551  0.5000000000 1
    0.4130434783  -0.4130434783  0.5000000000 1
    0.4057971014  -0.4057971014  0.5000000000 1
    0.3985507246  -0.3985507246  0.5000000000 1
    0.3913043478  -0.3913043478  0.5000000000 1
    0.3840579710  -0.3840579710  0.5000000000 1
    0.3768115942  -0.3768115942  0.5000000000 1
    0.3695652174  -0.3695652174  0.5000000000 1
    0.3623188406  -0.3623188406  0.5000000000 1
    0.3550724638  -0.3550724638  0.5000000000 1
    0.3478260870  -0.3478260870  0.5000000000 1
    0.3405797101  -0.3405797101  0.5000000000 1
    0.3333333333  -0.3333333333  0.5000000000 1
    0.3260869565  -0.3260869565  0.5000000000 1
    0.3188405797  -0.3188405797  0.5000000000 1
    0.3115942029  -0.3115942029  0.5000000000 1
    0.3043478261  -0.3043478261  0.5000000000 1
    0.2971014493  -0.2971014493  0.5000000000 1
    0.2898550725  -0.2898550725  0.5000000000 1
    0.2826086957  -0.2826086957  0.5000000000 1
    0.2753623188  -0.2753623188  0.5000000000 1
    0.2681159420  -0.2681159420  0.5000000000 1
    0.2608695652  -0.2608695652  0.5000000000 1
    0.2536231884  -0.2536231884  0.5000000000 1
    0.2463768116  -0.2463768116  0.5000000000 1
    0.2391304348  -0.2391304348  0.5000000000 1
    0.2318840580  -0.2318840580  0.5000000000 1
    0.2246376812  -0.2246376812  0.5000000000 1
    0.2173913043  -0.2173913043  0.5000000000 1
    0.2101449275  -0.2101449275  0.5000000000 1
    0.2028985507  -0.2028985507  0.5000000000 1
    0.1956521739  -0.1956521739  0.5000000000 1
    0.1884057971  -0.1884057971  0.5000000000 1
    0.1811594203  -0.1811594203  0.5000000000 1
    0.1739130435  -0.1739130435  0.5000000000 1
    0.1666666667  -0.1666666667  0.5000000000 1
    0.1594202899  -0.1594202899  0.5000000000 1
    0.1521739130  -0.1521739130  0.5000000000 1
    0.1449275362  -0.1449275362  0.5000000000 1
    0.1376811594  -0.1376811594  0.5000000000 1
    0.1304347826  -0.1304347826  0.5000000000 1
    0.1231884058  -0.1231884058  0.5000000000 1
    0.1159420290  -0.1159420290  0.5000000000 1
    0.1086956522  -0.1086956522  0.5000000000 1
    0.1014492754  -0.1014492754  0.5000000000 1
    0.0942028986  -0.0942028986  0.5000000000 1
    0.0869565217  -0.0869565217  0.5000000000 1
    0.0797101449  -0.0797101449  0.5000000000 1
    0.0724637681  -0.0724637681  0.5000000000 1
    0.0652173913  -0.0652173913  0.5000000000 1
    0.0579710145  -0.0579710145  0.5000000000 1
    0.0507246377  -0.0507246377  0.5000000000 1
    0.0434782609  -0.0434782609  0.5000000000 1
    0.0362318841  -0.0362318841  0.5000000000 1
    0.0289855072  -0.0289855072  0.5000000000 1
    0.0217391304  -0.0217391304  0.5000000000 1
    0.0144927536  -0.0144927536  0.5000000000 1
    0.0072463768  -0.0072463768  0.5000000000 1
    0.0000000000  0.0000000000  0.5000000000 1
    0.0000000000  0.0000000000  0.4927536232 1
    0.0000000000  0.0000000000  0.4855072464 1
    0.0000000000  0.0000000000  0.4782608696 1
    0.0000000000  0.0000000000  0.4710144928 1
    0.0000000000  0.0000000000  0.4637681159 1
    0.0000000000  0.0000000000  0.4565217391 1
    0.0000000000  0.0000000000  0.4492753623 1
    0.0000000000  0.0000000000  0.4420289855 1
    0.0000000000  0.0000000000  0.4347826087 1
    0.0000000000  0.0000000000  0.4275362319 1
    0.0000000000  0.0000000000  0.4202898551 1
    0.0000000000  0.0000000000  0.4130434783 1
    0.0000000000  0.0000000000  0.4057971014 1
    0.0000000000  0.0000000000  0.3985507246 1
    0.0000000000  0.0000000000  0.3913043478 1
    0.0000000000  0.0000000000  0.3840579710 1
    0.0000000000  0.0000000000  0.3768115942 1
    0.0000000000  0.0000000000  0.3695652174 1
    0.0000000000  0.0000000000  0.3623188406 1
    0.0000000000  0.0000000000  0.3550724638 1
    0.0000000000  0.0000000000  0.3478260870 1
    0.0000000000  0.0000000000  0.3405797101 1
    0.0000000000  0.0000000000  0.3333333333 1
    0.0000000000  0.0000000000  0.3260869565 1
    0.0000000000  0.0000000000  0.3188405797 1
    0.0000000000  0.0000000000  0.3115942029 1
    0.0000000000  0.0000000000  0.3043478261 1
    0.0000000000  0.0000000000  0.2971014493 1
    0.0000000000  0.0000000000  0.2898550725 1
    0.0000000000  0.0000000000  0.2826086957 1
    0.0000000000  0.0000000000  0.2753623188 1
    0.0000000000  0.0000000000  0.2681159420 1
    0.0000000000  0.0000000000  0.2608695652 1
    0.0000000000  0.0000000000  0.2536231884 1
    0.0000000000  0.0000000000  0.2463768116 1
    0.0000000000  0.0000000000  0.2391304348 1
    0.0000000000  0.0000000000  0.2318840580 1
    0.0000000000  0.0000000000  0.2246376812 1
    0.0000000000  0.0000000000  0.2173913043 1
    0.0000000000  0.0000000000  0.2101449275 1
    0.0000000000  0.0000000000  0.2028985507 1
    0.0000000000  0.0000000000  0.1956521739 1
    0.0000000000  0.0000000000  0.1884057971 1
    0.0000000000  0.0000000000  0.1811594203 1
    0.0000000000  0.0000000000  0.1739130435 1
    0.0000000000  0.0000000000  0.1666666667 1
    0.0000000000  0.0000000000  0.1594202899 1
    0.0000000000  0.0000000000  0.1521739130 1
    0.0000000000  0.0000000000  0.1449275362 1
    0.0000000000  0.0000000000  0.1376811594 1
    0.0000000000  0.0000000000  0.1304347826 1
    0.0000000000  0.0000000000  0.1231884058 1
    0.0000000000  0.0000000000  0.1159420290 1
    0.0000000000  0.0000000000  0.1086956522 1
    0.0000000000  0.0000000000  0.1014492754 1
    0.0000000000  0.0000000000  0.0942028986 1
    0.0000000000  0.0000000000  0.0869565217 1
    0.0000000000  0.0000000000  0.0797101449 1
    0.0000000000  0.0000000000  0.0724637681 1
    0.0000000000  0.0000000000  0.0652173913 1
    0.0000000000  0.0000000000  0.0579710145 1
    0.0000000000  0.0000000000  0.0507246377 1
    0.0000000000  0.0000000000  0.0434782609 1
    0.0000000000  0.0000000000  0.0362318841 1
    0.0000000000  0.0000000000  0.0289855072 1
    0.0000000000  0.0000000000  0.0217391304 1
    0.0000000000  0.0000000000  0.0144927536 1
    0.0000000000  0.0000000000  0.0072463768 1
    0.0000000000  0.0000000000  0.0000000000 1
    0.0029411765  0.0029411765  0.0029411765 1
    0.0058823529  0.0058823529  0.0058823529 1
    0.0088235294  0.0088235294  0.0088235294 1
    0.0117647059  0.0117647059  0.0117647059 1
    0.0147058824  0.0147058824  0.0147058824 1
    0.0176470588  0.0176470588  0.0176470588 1
    0.0205882353  0.0205882353  0.0205882353 1
    0.0235294118  0.0235294118  0.0235294118 1
    0.0264705882  0.0264705882  0.0264705882 1
    0.0294117647  0.0294117647  0.0294117647 1
    0.0323529412  0.0323529412  0.0323529412 1
    0.0352941176  0.0352941176  0.0352941176 1
    0.0382352941  0.0382352941  0.0382352941 1
    0.0411764706  0.0411764706  0.0411764706 1
    0.0441176471  0.0441176471  0.0441176471 1
    0.0470588235  0.0470588235  0.0470588235 1
    0.0500000000  0.0500000000  0.0500000000 1
    0.0529411765  0.0529411765  0.0529411765 1
    0.0558823529  0.0558823529  0.0558823529 1
    0.0588235294  0.0588235294  0.0588235294 1
    0.0617647059  0.0617647059  0.0617647059 1
    0.0647058824  0.0647058824  0.0647058824 1
    0.0676470588  0.0676470588  0.0676470588 1
    0.0705882353  0.0705882353  0.0705882353 1
    0.0735294118  0.0735294118  0.0735294118 1
    0.0764705882  0.0764705882  0.0764705882 1
    0.0794117647  0.0794117647  0.0794117647 1
    0.0823529412  0.0823529412  0.0823529412 1
    0.0852941176  0.0852941176  0.0852941176 1
    0.0882352941  0.0882352941  0.0882352941 1
    0.0911764706  0.0911764706  0.0911764706 1
    0.0941176471  0.0941176471  0.0941176471 1
    0.0970588235  0.0970588235  0.0970588235 1
    0.1000000000  0.1000000000  0.1000000000 1
    0.1029411765  0.1029411765  0.1029411765 1
    0.1058823529  0.1058823529  0.1058823529 1
    0.1088235294  0.1088235294  0.1088235294 1
    0.1117647059  0.1117647059  0.1117647059 1
    0.1147058824  0.1147058824  0.1147058824 1
    0.1176470588  0.1176470588  0.1176470588 1
    0.1205882353  0.1205882353  0.1205882353 1
    0.1235294118  0.1235294118  0.1235294118 1
    0.1264705882  0.1264705882  0.1264705882 1
    0.1294117647  0.1294117647  0.1294117647 1
    0.1323529412  0.1323529412  0.1323529412 1
    0.1352941176  0.1352941176  0.1352941176 1
    0.1382352941  0.1382352941  0.1382352941 1
    0.1411764706  0.1411764706  0.1411764706 1
    0.1441176471  0.1441176471  0.1441176471 1
    0.1470588235  0.1470588235  0.1470588235 1
    0.1500000000  0.1500000000  0.1500000000 1
    0.1529411765  0.1529411765  0.1529411765 1
    0.1558823529  0.1558823529  0.1558823529 1
    0.1588235294  0.1588235294  0.1588235294 1
    0.1617647059  0.1617647059  0.1617647059 1
    0.1647058824  0.1647058824  0.1647058824 1
    0.1676470588  0.1676470588  0.1676470588 1
    0.1705882353  0.1705882353  0.1705882353 1
    0.1735294118  0.1735294118  0.1735294118 1
    0.1764705882  0.1764705882  0.1764705882 1
    0.1794117647  0.1794117647  0.1794117647 1
    0.1823529412  0.1823529412  0.1823529412 1
    0.1852941176  0.1852941176  0.1852941176 1
    0.1882352941  0.1882352941  0.1882352941 1
    0.1911764706  0.1911764706  0.1911764706 1
    0.1941176471  0.1941176471  0.1941176471 1
    0.1970588235  0.1970588235  0.1970588235 1
    0.2000000000  0.2000000000  0.2000000000 1
    0.2029411765  0.2029411765  0.2029411765 1
    0.2058823529  0.2058823529  0.2058823529 1
    0.2088235294  0.2088235294  0.2088235294 1
    0.2117647059  0.2117647059  0.2117647059 1
    0.2147058824  0.2147058824  0.2147058824 1
    0.2176470588  0.2176470588  0.2176470588 1
    0.2205882353  0.2205882353  0.2205882353 1
    0.2235294118  0.2235294118  0.2235294118 1
    0.2264705882  0.2264705882  0.2264705882 1
    0.2294117647  0.2294117647  0.2294117647 1
    0.2323529412  0.2323529412  0.2323529412 1
    0.2352941176  0.2352941176  0.2352941176 1
    0.2382352941  0.2382352941  0.2382352941 1
    0.2411764706  0.2411764706  0.2411764706 1
    0.2441176471  0.2441176471  0.2441176471 1
    0.2470588235  0.2470588235  0.2470588235 1
    0.2500000000  0.2500000000  0.2500000000 1
    0.2529411765  0.2411764706  0.2529411765 1
    0.2558823529  0.2323529412  0.2558823529 1
    0.2588235294  0.2235294118  0.2588235294 1
    0.2617647059  0.2147058824  0.2617647059 1
    0.2647058824  0.2058823529  0.2647058824 1
    0.2676470588  0.1970588235  0.2676470588 1
    0.2705882353  0.1882352941  0.2705882353 1
    0.2735294118  0.1794117647  0.2735294118 1
    0.2764705882  0.1705882353  0.2764705882 1
    0.2794117647  0.1617647059  0.2794117647 1
    0.2823529412  0.1529411765  0.2823529412 1
    0.2852941176  0.1441176471  0.2852941176 1
    0.2882352941  0.1352941176  0.2882352941 1
    0.2911764706  0.1264705882  0.2911764706 1
    0.2941176471  0.1176470588  0.2941176471 1
    0.2970588235  0.1088235294  0.2970588235 1
    0.3000000000  0.1000000000  0.3000000000 1
    0.3029411765  0.0911764706  0.3029411765 1
    0.3058823529  0.0823529412  0.3058823529 1
    0.3088235294  0.0735294118  0.3088235294 1
    0.3117647059  0.0647058824  0.3117647059 1
    0.3147058824  0.0558823529  0.3147058824 1
    0.3176470588  0.0470588235  0.3176470588 1
    0.3205882353  0.0382352941  0.3205882353 1
    0.3235294118  0.0294117647  0.3235294118 1
    0.3264705882  0.0205882353  0.3264705882 1
    0.3294117647  0.0117647059  0.3294117647 1
    0.3323529412  0.0029411765  0.3323529412 1
    0.3352941176  -0.0058823529  0.3352941176 1
    0.3382352941  -0.0147058824  0.3382352941 1
    0.3411764706  -0.0235294118  0.3411764706 1
    0.3441176471  -0.0323529412  0.3441176471 1
    0.3470588235  -0.0411764706  0.3470588235 1
    0.3500000000  -0.0500000000  0.3500000000 1
    0.3529411765  -0.0588235294  0.3529411765 1
    0.3558823529  -0.0676470588  0.3558823529 1
    0.3588235294  -0.0764705882  0.3588235294 1
    0.3617647059  -0.0852941176  0.3617647059 1
    0.3647058824  -0.0941176471  0.3647058824 1
    0.3676470588  -0.1029411765  0.3676470588 1
    0.3705882353  -0.1117647059  0.3705882353 1
    0.3735294118  -0.1205882353  0.3735294118 1
    0.3764705882  -0.1294117647  0.3764705882 1
    0.3794117647  -0.1382352941  0.3794117647 1
    0.3823529412  -0.1470588235  0.3823529412 1
    0.3852941176  -0.1558823529  0.3852941176 1
    0.3882352941  -0.1647058824  0.3882352941 1
    0.3911764706  -0.1735294118  0.3911764706 1
    0.3941176471  -0.1823529412  0.3941176471 1
    0.3970588235  -0.1911764706  0.3970588235 1
    0.4000000000  -0.2000000000  0.4000000000 1
    0.4029411765  -0.2088235294  0.4029411765 1
    0.4058823529  -0.2176470588  0.4058823529 1
    0.4088235294  -0.2264705882  0.4088235294 1
    0.4117647059  -0.2352941176  0.4117647059 1
    0.4147058824  -0.2441176471  0.4147058824 1
    0.4176470588  -0.2529411765  0.4176470588 1
    0.4205882353  -0.2617647059  0.4205882353 1
    0.4235294118  -0.2705882353  0.4235294118 1
    0.4264705882  -0.2794117647  0.4264705882 1
    0.4294117647  -0.2882352941  0.4294117647 1
    0.4323529412  -0.2970588235  0.4323529412 1
    0.4352941176  -0.3058823529  0.4352941176 1
    0.4382352941  -0.3147058824  0.4382352941 1
    0.4411764706  -0.3235294118  0.4411764706 1
    0.4441176471  -0.3323529412  0.4441176471 1
    0.4470588235  -0.3411764706  0.4470588235 1
    0.4500000000  -0.3500000000  0.4500000000 1
    0.4529411765  -0.3588235294  0.4529411765 1
    0.4558823529  -0.3676470588  0.4558823529 1
    0.4588235294  -0.3764705882  0.4588235294 1
    0.4617647059  -0.3852941176  0.4617647059 1
    0.4647058824  -0.3941176471  0.4647058824 1
    0.4676470588  -0.4029411765  0.4676470588 1
    0.4705882353  -0.4117647059  0.4705882353 1
    0.4735294118  -0.4205882353  0.4735294118 1
    0.4764705882  -0.4294117647  0.4764705882 1
    0.4794117647  -0.4382352941  0.4794117647 1
    0.4823529412  -0.4470588235  0.4823529412 1
    0.4852941176  -0.4558823529  0.4852941176 1
    0.4882352941  -0.4647058824  0.4882352941 1
    0.4911764706  -0.4735294118  0.4911764706 1
    0.4941176471  -0.4823529412  0.4941176471 1
    0.4970588235  -0.4911764706  0.4970588235 1
    0.5000000000  -0.5000000000  0.5000000000 1
