&input
 flfrc='nb.888.fc',
 q_in_cryst_coord=.TRUE.,
 asr='simple',
 flfrq='nb.freq',
/
441
    0.0000000000  0.0000000000  0.0000000000 1
    0.0047169811  -0.0047169811  0.0047169811 1
    0.0094339623  -0.0094339623  0.0094339623 1
    0.0141509434  -0.0141509434  0.0141509434 1
    0.0188679245  -0.0188679245  0.0188679245 1
    0.0235849057  -0.0235849057  0.0235849057 1
    0.0283018868  -0.0283018868  0.0283018868 1
    0.0330188679  -0.0330188679  0.0330188679 1
    0.0377358491  -0.0377358491  0.0377358491 1
    0.0424528302  -0.0424528302  0.0424528302 1
    0.0471698113  -0.0471698113  0.0471698113 1
    0.0518867925  -0.0518867925  0.0518867925 1
    0.0566037736  -0.0566037736  0.0566037736 1
    0.0613207547  -0.0613207547  0.0613207547 1
    0.0660377358  -0.0660377358  0.0660377358 1
    0.0707547170  -0.0707547170  0.0707547170 1
    0.0754716981  -0.0754716981  0.0754716981 1
    0.0801886792  -0.0801886792  0.0801886792 1
    0.0849056604  -0.0849056604  0.0849056604 1
    0.0896226415  -0.0896226415  0.0896226415 1
    0.0943396226  -0.0943396226  0.0943396226 1
    0.0990566038  -0.0990566038  0.0990566038 1
    0.1037735849  -0.1037735849  0.1037735849 1
    0.1084905660  -0.1084905660  0.1084905660 1
    0.1132075472  -0.1132075472  0.1132075472 1
    0.1179245283  -0.1179245283  0.1179245283 1
    0.1226415094  -0.1226415094  0.1226415094 1
    0.1273584906  -0.1273584906  0.1273584906 1
    0.1320754717  -0.1320754717  0.1320754717 1
    0.1367924528  -0.1367924528  0.1367924528 1
    0.1415094340  -0.1415094340  0.1415094340 1
    0.1462264151  -0.1462264151  0.1462264151 1
    0.1509433962  -0.1509433962  0.1509433962 1
    0.1556603774  -0.1556603774  0.1556603774 1
    0.1603773585  -0.1603773585  0.1603773585 1
    0.1650943396  -0.1650943396  0.1650943396 1
    0.1698113208  -0.1698113208  0.1698113208 1
    0.1745283019  -0.1745283019  0.1745283019 1
    0.1792452830  -0.1792452830  0.1792452830 1
    0.1839622642  -0.1839622642  0.1839622642 1
    0.1886792453  -0.1886792453  0.1886792453 1
    0.1933962264  -0.1933962264  0.1933962264 1
    0.1981132075  -0.1981132075  0.1981132075 1
    0.2028301887  -0.2028301887  0.2028301887 1
    0.2075471698  -0.2075471698  0.2075471698 1
    0.2122641509  -0.2122641509  0.2122641509 1
    0.2169811321  -0.2169811321  0.2169811321 1
    0.2216981132  -0.2216981132  0.2216981132 1
    0.2264150943  -0.2264150943  0.2264150943 1
    0.2311320755  -0.2311320755  0.2311320755 1
    0.2358490566  -0.2358490566  0.2358490566 1
    0.2405660377  -0.2405660377  0.2405660377 1
    0.2452830189  -0.2452830189  0.2452830189 1
    0.2500000000  -0.2500000000  0.2500000000 1
    0.2547169811  -0.2547169811  0.2547169811 1
    0.2594339623  -0.2594339623  0.2594339623 1
    0.2641509434  -0.2641509434  0.2641509434 1
    0.2688679245  -0.2688679245  0.2688679245 1
    0.2735849057  -0.2735849057  0.2735849057 1
    0.2783018868  -0.2783018868  0.2783018868 1
    0.2830188679  -0.2830188679  0.2830188679 1
    0.2877358491  -0.2877358491  0.2877358491 1
    0.2924528302  -0.2924528302  0.2924528302 1
    0.2971698113  -0.2971698113  0.2971698113 1
    0.3018867925  -0.3018867925  0.3018867925 1
    0.3066037736  -0.3066037736  0.3066037736 1
    0.3113207547  -0.3113207547  0.3113207547 1
    0.3160377358  -0.3160377358  0.3160377358 1
    0.3207547170  -0.3207547170  0.3207547170 1
    0.3254716981  -0.3254716981  0.3254716981 1
    0.3301886792  -0.3301886792  0.3301886792 1
    0.3349056604  -0.3349056604  0.3349056604 1
    0.3396226415  -0.3396226415  0.3396226415 1
    0.3443396226  -0.3443396226  0.3443396226 1
    0.3490566038  -0.3490566038  0.3490566038 1
    0.3537735849  -0.3537735849  0.3537735849 1
    0.3584905660  -0.3584905660  0.3584905660 1
    0.3632075472  -0.3632075472  0.3632075472 1
    0.3679245283  -0.3679245283  0.3679245283 1
    0.3726415094  -0.3726415094  0.3726415094 1
    0.3773584906  -0.3773584906  0.3773584906 1
    0.3820754717  -0.3820754717  0.3820754717 1
    0.3867924528  -0.3867924528  0.3867924528 1
    0.3915094340  -0.3915094340  0.3915094340 1
    0.3962264151  -0.3962264151  0.3962264151 1
    0.4009433962  -0.4009433962  0.4009433962 1
    0.4056603774  -0.4056603774  0.4056603774 1
    0.4103773585  -0.4103773585  0.4103773585 1
    0.4150943396  -0.4150943396  0.4150943396 1
    0.4198113208  -0.4198113208  0.4198113208 1
    0.4245283019  -0.4245283019  0.4245283019 1
    0.4292452830  -0.4292452830  0.4292452830 1
    0.4339622642  -0.4339622642  0.4339622642 1
    0.4386792453  -0.4386792453  0.4386792453 1
    0.4433962264  -0.4433962264  0.4433962264 1
    0.4481132075  -0.4481132075  0.4481132075 1
    0.4528301887  -0.4528301887  0.4528301887 1
    0.4575471698  -0.4575471698  0.4575471698 1
    0.4622641509  -0.4622641509  0.4622641509 1
    0.4669811321  -0.4669811321  0.4669811321 1
    0.4716981132  -0.4716981132  0.4716981132 1
    0.4764150943  -0.4764150943  0.4764150943 1
    0.4811320755  -0.4811320755  0.4811320755 1
    0.4858490566  -0.4858490566  0.4858490566 1
    0.4905660377  -0.4905660377  0.4905660377 1
    0.4952830189  -0.4952830189  0.4952830189 1
    0.5000000000  -0.5000000000  0.5000000000 1
    0.4933333333  -0.4933333333  0.5000000000 1
    0.4866666667  -0.4866666667  0.5000000000 1
    0.4800000000  -0.4800000000  0.5000000000 1
    0.4733333333  -0.4733333333  0.5000000000 1
    0.4666666667  -0.4666666667  0.5000000000 1
    0.4600000000  -0.4600000000  0.5000000000 1
    0.4533333333  -0.4533333333  0.5000000000 1
    0.4466666667  -0.4466666667  0.5000000000 1
    0.4400000000  -0.4400000000  0.5000000000 1
    0.4333333333  -0.4333333333  0.5000000000 1
    0.4266666667  -0.4266666667  0.5000000000 1
    0.4200000000  -0.4200000000  0.5000000000 1
    0.4133333333  -0.4133333333  0.5000000000 1
    0.4066666667  -0.4066666667  0.5000000000 1
    0.4000000000  -0.4000000000  0.5000000000 1
    0.3933333333  -0.3933333333  0.5000000000 1
    0.3866666667  -0.3866666667  0.5000000000 1
    0.3800000000  -0.3800000000  0.5000000000 1
    0.3733333333  -0.3733333333  0.5000000000 1
    0.3666666667  -0.3666666667  0.5000000000 1
    0.3600000000  -0.3600000000  0.5000000000 1
    0.3533333333  -0.3533333333  0.5000000000 1
    0.3466666667  -0.3466666667  0.5000000000 1
    0.3400000000  -0.3400000000  0.5000000000 1
    0.3333333333  -0.3333333333  0.5000000000 1
    0.3266666667  -0.3266666667  0.5000000000 1
    0.3200000000  -0.3200000000  0.5000000000 1
    0.3133333333  -0.3133333333  0.5000000000 1
    0.3066666667  -0.3066666667  0.5000000000 1
    0.3000000000  -0.3000000000  0.5000000000 1
    0.2933333333  -0.2933333333  0.5000000000 1
    0.2866666667  -0.2866666667  0.5000000000 1
    0.2800000000  -0.2800000000  0.5000000000 1
    0.2733333333  -0.2733333333  0.5000000000 1
    0.2666666667  -0.2666666667  0.5000000000 1
    0.2600000000  -0.2600000000  0.5000000000 1
    0.2533333333  -0.2533333333  0.5000000000 1
    0.2466666667  -0.2466666667  0.5000000000 1
    0.2400000000  -0.2400000000  0.5000000000 1
    0.2333333333  -0.2333333333  0.5000000000 1
    0.2266666667  -0.2266666667  0.5000000000 1
    0.2200000000  -0.2200000000  0.5000000000 1
    0.2133333333  -0.2133333333  0.5000000000 1
    0.2066666667  -0.2066666667  0.5000000000 1
    0.2000000000  -0.2000000000  0.5000000000 1
    0.1933333333  -0.1933333333  0.5000000000 1
    0.1866666667  -0.1866666667  0.5000000000 1
    0.1800000000  -0.1800000000  0.5000000000 1
    0.1733333333  -0.1733333333  0.5000000000 1
    0.1666666667  -0.1666666667  0.5000000000 1
    0.1600000000  -0.1600000000  0.5000000000 1
    0.1533333333  -0.1533333333  0.5000000000 1
    0.1466666667  -0.1466666667  0.5000000000 1
    0.1400000000  -0.1400000000  0.5000000000 1
    0.1333333333  -0.1333333333  0.5000000000 1
    0.1266666667  -0.1266666667  0.5000000000 1
    0.1200000000  -0.1200000000  0.5000000000 1
    0.1133333333  -0.1133333333  0.5000000000 1
    0.1066666667  -0.1066666667  0.5000000000 1
    0.1000000000  -0.1000000000  0.5000000000 1
    0.0933333333  -0.0933333333  0.5000000000 1
    0.0866666667  -0.0866666667  0.5000000000 1
    0.0800000000  -0.0800000000  0.5000000000 1
    0.0733333333  -0.0733333333  0.5000000000 1
    0.0666666667  -0.0666666667  0.5000000000 1
    0.0600000000  -0.0600000000  0.5000000000 1
    0.0533333333  -0.0533333333  0.5000000000 1
    0.0466666667  -0.0466666667  0.5000000000 1
    0.0400000000  -0.0400000000  0.5000000000 1
    0.0333333333  -0.0333333333  0.5000000000 1
    0.0266666667  -0.0266666667  0.5000000000 1
    0.0200000000  -0.0200000000  0.5000000000 1
    0.0133333333  -0.0133333333  0.5000000000 1
    0.0066666667  -0.0066666667  0.5000000000 1
    0.0000000000  0.0000000000  0.5000000000 1
    0.0000000000  0.0000000000  0.4933333333 1
    0.0000000000  0.0000000000  0.4866666667 1
    0.0000000000  0.0000000000  0.4800000000 1
    0.0000000000  0.0000000000  0.4733333333 1
    0.0000000000  0.0000000000  0.4666666667 1
    0.0000000000  0.0000000000  0.4600000000 1
    0.0000000000  0.0000000000  0.4533333333 1
    0.0000000000  0.0000000000  0.4466666667 1
    0.0000000000  0.0000000000  0.4400000000 1
    0.0000000000  0.0000000000  0.4333333333 1
    0.0000000000  0.0000000000  0.4266666667 1
    0.0000000000  0.0000000000  0.4200000000 1
    0.0000000000  0.0000000000  0.4133333333 1
    0.0000000000  0.0000000000  0.4066666667 1
    0.0000000000  0.0000000000  0.4000000000 1
    0.0000000000  0.0000000000  0.3933333333 1
    0.0000000000  0.0000000000  0.3866666667 1
    0.0000000000  0.0000000000  0.3800000000 1
    0.0000000000  0.0000000000  0.3733333333 1
    0.0000000000  0.0000000000  0.3666666667 1
    0.0000000000  0.0000000000  0.3600000000 1
    0.0000000000  0.0000000000  0.3533333333 1
    0.0000000000  0.0000000000  0.3466666667 1
    0.0000000000  0.0000000000  0.3400000000 1
    0.0000000000  0.0000000000  0.3333333333 1
    0.0000000000  0.0000000000  0.3266666667 1
    0.0000000000  0.0000000000  0.3200000000 1
    0.0000000000  0.0000000000  0.3133333333 1
    0.0000000000  0.0000000000  0.3066666667 1
    0.0000000000  0.0000000000  0.3000000000 1
    0.0000000000  0.0000000000  0.2933333333 1
    0.0000000000  0.0000000000  0.2866666667 1
    0.0000000000  0.0000000000  0.2800000000 1
    0.0000000000  0.0000000000  0.2733333333 1
    0.0000000000  0.0000000000  0.2666666667 1
    0.0000000000  0.0000000000  0.2600000000 1
    0.0000000000  0.0000000000  0.2533333333 1
    0.0000000000  0.0000000000  0.2466666667 1
    0.0000000000  0.0000000000  0.2400000000 1
    0.0000000000  0.0000000000  0.2333333333 1
    0.0000000000  0.0000000000  0.2266666667 1
    0.0000000000  0.0000000000  0.2200000000 1
    0.0000000000  0.0000000000  0.2133333333 1
    0.0000000000  0.0000000000  0.2066666667 1
    0.0000000000  0.0000000000  0.2000000000 1
    0.0000000000  0.0000000000  0.1933333333 1
    0.0000000000  0.0000000000  0.1866666667 1
    0.0000000000  0.0000000000  0.1800000000 1
    0.0000000000  0.0000000000  0.1733333333 1
    0.0000000000  0.0000000000  0.1666666667 1
    0.0000000000  0.0000000000  0.1600000000 1
    0.0000000000  0.0000000000  0.1533333333 1
    0.0000000000  0.0000000000  0.1466666667 1
    0.0000000000  0.0000000000  0.1400000000 1
    0.0000000000  0.0000000000  0.1333333333 1
    0.0000000000  0.0000000000  0.1266666667 1
    0.0000000000  0.0000000000  0.1200000000 1
    0.0000000000  0.0000000000  0.1133333333 1
    0.0000000000  0.0000000000  0.1066666667 1
    0.0000000000  0.0000000000  0.1000000000 1
    0.0000000000  0.0000000000  0.0933333333 1
    0.0000000000  0.0000000000  0.0866666667 1
    0.0000000000  0.0000000000  0.0800000000 1
    0.0000000000  0.0000000000  0.0733333333 1
    0.0000000000  0.0000000000  0.0666666667 1
    0.0000000000  0.0000000000  0.0600000000 1
    0.0000000000  0.0000000000  0.0533333333 1
    0.0000000000  0.0000000000  0.0466666667 1
    0.0000000000  0.0000000000  0.0400000000 1
    0.0000000000  0.0000000000  0.0333333333 1
    0.0000000000  0.0000000000  0.0266666667 1
    0.0000000000  0.0000000000  0.0200000000 1
    0.0000000000  0.0000000000  0.0133333333 1
    0.0000000000  0.0000000000  0.0066666667 1
    0.0000000000  0.0000000000  0.0000000000 1
    0.0027173913  0.0027173913  0.0027173913 1
    0.0054347826  0.0054347826  0.0054347826 1
    0.0081521739  0.0081521739  0.0081521739 1
    0.0108695652  0.0108695652  0.0108695652 1
    0.0135869565  0.0135869565  0.0135869565 1
    0.0163043478  0.0163043478  0.0163043478 1
    0.0190217391  0.0190217391  0.0190217391 1
    0.0217391304  0.0217391304  0.0217391304 1
    0.0244565217  0.0244565217  0.0244565217 1
    0.0271739130  0.0271739130  0.0271739130 1
    0.0298913043  0.0298913043  0.0298913043 1
    0.0326086957  0.0326086957  0.0326086957 1
    0.0353260870  0.0353260870  0.0353260870 1
    0.0380434783  0.0380434783  0.0380434783 1
    0.0407608696  0.0407608696  0.0407608696 1
    0.0434782609  0.0434782609  0.0434782609 1
    0.0461956522  0.0461956522  0.0461956522 1
    0.0489130435  0.0489130435  0.0489130435 1
    0.0516304348  0.0516304348  0.0516304348 1
    0.0543478261  0.0543478261  0.0543478261 1
    0.0570652174  0.0570652174  0.0570652174 1
    0.0597826087  0.0597826087  0.0597826087 1
    0.0625000000  0.0625000000  0.0625000000 1
    0.0652173913  0.0652173913  0.0652173913 1
    0.0679347826  0.0679347826  0.0679347826 1
    0.0706521739  0.0706521739  0.0706521739 1
    0.0733695652  0.0733695652  0.0733695652 1
    0.0760869565  0.0760869565  0.0760869565 1
    0.0788043478  0.0788043478  0.0788043478 1
    0.0815217391  0.0815217391  0.0815217391 1
    0.0842391304  0.0842391304  0.0842391304 1
    0.0869565217  0.0869565217  0.0869565217 1
    0.0896739130  0.0896739130  0.0896739130 1
    0.0923913043  0.0923913043  0.0923913043 1
    0.0951086957  0.0951086957  0.0951086957 1
    0.0978260870  0.0978260870  0.0978260870 1
    0.1005434783  0.1005434783  0.1005434783 1
    0.1032608696  0.1032608696  0.1032608696 1
    0.1059782609  0.1059782609  0.1059782609 1
    0.1086956522  0.1086956522  0.1086956522 1
    0.1114130435  0.1114130435  0.1114130435 1
    0.1141304348  0.1141304348  0.1141304348 1
    0.1168478261  0.1168478261  0.1168478261 1
    0.1195652174  0.1195652174  0.1195652174 1
    0.1222826087  0.1222826087  0.1222826087 1
    0.1250000000  0.1250000000  0.1250000000 1
    0.1277173913  0.1277173913  0.1277173913 1
    0.1304347826  0.1304347826  0.1304347826 1
    0.1331521739  0.1331521739  0.1331521739 1
    0.1358695652  0.1358695652  0.1358695652 1
    0.1385869565  0.1385869565  0.1385869565 1
    0.1413043478  0.1413043478  0.1413043478 1
    0.1440217391  0.1440217391  0.1440217391 1
    0.1467391304  0.1467391304  0.1467391304 1
    0.1494565217  0.1494565217  0.1494565217 1
    0.1521739130  0.1521739130  0.1521739130 1
    0.1548913043  0.1548913043  0.1548913043 1
    0.1576086957  0.1576086957  0.1576086957 1
    0.1603260870  0.1603260870  0.1603260870 1
    0.1630434783  0.1630434783  0.1630434783 1
    0.1657608696  0.1657608696  0.1657608696 1
    0.1684782609  0.1684782609  0.1684782609 1
    0.1711956522  0.1711956522  0.1711956522 1
    0.1739130435  0.1739130435  0.1739130435 1
    0.1766304348  0.1766304348  0.1766304348 1
    0.1793478261  0.1793478261  0.1793478261 1
    0.1820652174  0.1820652174  0.1820652174 1
    0.1847826087  0.1847826087  0.1847826087 1
    0.1875000000  0.1875000000  0.1875000000 1
    0.1902173913  0.1902173913  0.1902173913 1
    0.1929347826  0.1929347826  0.1929347826 1
    0.1956521739  0.1956521739  0.1956521739 1
    0.1983695652  0.1983695652  0.1983695652 1
    0.2010869565  0.2010869565  0.2010869565 1
    0.2038043478  0.2038043478  0.2038043478 1
    0.2065217391  0.2065217391  0.2065217391 1
    0.2092391304  0.2092391304  0.2092391304 1
    0.2119565217  0.2119565217  0.2119565217 1
    0.2146739130  0.2146739130  0.2146739130 1
    0.2173913043  0.2173913043  0.2173913043 1
    0.2201086957  0.2201086957  0.2201086957 1
    0.2228260870  0.2228260870  0.2228260870 1
    0.2255434783  0.2255434783  0.2255434783 1
    0.2282608696  0.2282608696  0.2282608696 1
    0.2309782609  0.2309782609  0.2309782609 1
    0.2336956522  0.2336956522  0.2336956522 1
    0.2364130435  0.2364130435  0.2364130435 1
    0.2391304348  0.2391304348  0.2391304348 1
    0.2418478261  0.2418478261  0.2418478261 1
    0.2445652174  0.2445652174  0.2445652174 1
    0.2472826087  0.2472826087  0.2472826087 1
    0.2500000000  0.2500000000  0.2500000000 1
    0.2527173913  0.2418478261  0.2527173913 1
    0.2554347826  0.2336956522  0.2554347826 1
    0.2581521739  0.2255434783  0.2581521739 1
    0.2608695652  0.2173913043  0.2608695652 1
    0.2635869565  0.2092391304  0.2635869565 1
    0.2663043478  0.2010869565  0.2663043478 1
    0.2690217391  0.1929347826  0.2690217391 1
    0.2717391304  0.1847826087  0.2717391304 1
    0.2744565217  0.1766304348  0.2744565217 1
    0.2771739130  0.1684782609  0.2771739130 1
    0.2798913043  0.1603260870  0.2798913043 1
    0.2826086957  0.1521739130  0.2826086957 1
    0.2853260870  0.1440217391  0.2853260870 1
    0.2880434783  0.1358695652  0.2880434783 1
    0.2907608696  0.1277173913  0.2907608696 1
    0.2934782609  0.1195652174  0.2934782609 1
    0.2961956522  0.1114130435  0.2961956522 1
    0.2989130435  0.1032608696  0.2989130435 1
    0.3016304348  0.0951086957  0.3016304348 1
    0.3043478261  0.0869565217  0.3043478261 1
    0.3070652174  0.0788043478  0.3070652174 1
    0.3097826087  0.0706521739  0.3097826087 1
    0.3125000000  0.0625000000  0.3125000000 1
    0.3152173913  0.0543478261  0.3152173913 1
    0.3179347826  0.0461956522  0.3179347826 1
    0.3206521739  0.0380434783  0.3206521739 1
    0.3233695652  0.0298913043  0.3233695652 1
    0.3260869565  0.0217391304  0.3260869565 1
    0.3288043478  0.0135869565  0.3288043478 1
    0.3315217391  0.0054347826  0.3315217391 1
    0.3342391304  -0.0027173913  0.3342391304 1
    0.3369565217  -0.0108695652  0.3369565217 1
    0.3396739130  -0.0190217391  0.3396739130 1
    0.3423913043  -0.0271739130  0.3423913043 1
    0.3451086957  -0.0353260870  0.3451086957 1
    0.3478260870  -0.0434782609  0.3478260870 1
    0.3505434783  -0.0516304348  0.3505434783 1
    0.3532608696  -0.0597826087  0.3532608696 1
    0.3559782609  -0.0679347826  0.3559782609 1
    0.3586956522  -0.0760869565  0.3586956522 1
    0.3614130435  -0.0842391304  0.3614130435 1
    0.3641304348  -0.0923913043  0.3641304348 1
    0.3668478261  -0.1005434783  0.3668478261 1
    0.3695652174  -0.1086956522  0.3695652174 1
    0.3722826087  -0.1168478261  0.3722826087 1
    0.3750000000  -0.1250000000  0.3750000000 1
    0.3777173913  -0.1331521739  0.3777173913 1
    0.3804347826  -0.1413043478  0.3804347826 1
    0.3831521739  -0.1494565217  0.3831521739 1
    0.3858695652  -0.1576086957  0.3858695652 1
    0.3885869565  -0.1657608696  0.3885869565 1
    0.3913043478  -0.1739130435  0.3913043478 1
    0.3940217391  -0.1820652174  0.3940217391 1
    0.3967391304  -0.1902173913  0.3967391304 1
    0.3994565217  -0.1983695652  0.3994565217 1
    0.4021739130  -0.2065217391  0.4021739130 1
    0.4048913043  -0.2146739130  0.4048913043 1
    0.4076086957  -0.2228260870  0.4076086957 1
    0.4103260870  -0.2309782609  0.4103260870 1
    0.4130434783  -0.2391304348  0.4130434783 1
    0.4157608696  -0.2472826087  0.4157608696 1
    0.4184782609  -0.2554347826  0.4184782609 1
    0.4211956522  -0.2635869565  0.4211956522 1
    0.4239130435  -0.2717391304  0.4239130435 1
    0.4266304348  -0.2798913043  0.4266304348 1
    0.4293478261  -0.2880434783  0.4293478261 1
    0.4320652174  -0.2961956522  0.4320652174 1
    0.4347826087  -0.3043478261  0.4347826087 1
    0.4375000000  -0.3125000000  0.4375000000 1
    0.4402173913  -0.3206521739  0.4402173913 1
    0.4429347826  -0.3288043478  0.4429347826 1
    0.4456521739  -0.3369565217  0.4456521739 1
    0.4483695652  -0.3451086957  0.4483695652 1
    0.4510869565  -0.3532608696  0.4510869565 1
    0.4538043478  -0.3614130435  0.4538043478 1
    0.4565217391  -0.3695652174  0.4565217391 1
    0.4592391304  -0.3777173913  0.4592391304 1
    0.4619565217  -0.3858695652  0.4619565217 1
    0.4646739130  -0.3940217391  0.4646739130 1
    0.4673913043  -0.4021739130  0.4673913043 1
    0.4701086957  -0.4103260870  0.4701086957 1
    0.4728260870  -0.4184782609  0.4728260870 1
    0.4755434783  -0.4266304348  0.4755434783 1
    0.4782608696  -0.4347826087  0.4782608696 1
    0.4809782609  -0.4429347826  0.4809782609 1
    0.4836956522  -0.4510869565  0.4836956522 1
    0.4864130435  -0.4592391304  0.4864130435 1
    0.4891304348  -0.4673913043  0.4891304348 1
    0.4918478261  -0.4755434783  0.4918478261 1
    0.4945652174  -0.4836956522  0.4945652174 1
    0.4972826087  -0.4918478261  0.4972826087 1
    0.5000000000  -0.5000000000  0.5000000000 1
