&input
 flfrc='nbti.777.fc',
 q_in_cryst_coord=.TRUE.,
 asr='simple',
 flfrq='nbti.freq',
/
730
    0.0000000000  0.0000000000  0.0000000000 1
    0.0000000000  0.0045045045  0.0000000000 1
    0.0000000000  0.0090090090  0.0000000000 1
    0.0000000000  0.0135135135  0.0000000000 1
    0.0000000000  0.0180180180  0.0000000000 1
    0.0000000000  0.0225225225  0.0000000000 1
    0.0000000000  0.0270270270  0.0000000000 1
    0.0000000000  0.0315315315  0.0000000000 1
    0.0000000000  0.0360360360  0.0000000000 1
    0.0000000000  0.0405405405  0.0000000000 1
    0.0000000000  0.0450450450  0.0000000000 1
    0.0000000000  0.0495495495  0.0000000000 1
    0.0000000000  0.0540540541  0.0000000000 1
    0.0000000000  0.0585585586  0.0000000000 1
    0.0000000000  0.0630630631  0.0000000000 1
    0.0000000000  0.0675675676  0.0000000000 1
    0.0000000000  0.0720720721  0.0000000000 1
    0.0000000000  0.0765765766  0.0000000000 1
    0.0000000000  0.0810810811  0.0000000000 1
    0.0000000000  0.0855855856  0.0000000000 1
    0.0000000000  0.0900900901  0.0000000000 1
    0.0000000000  0.0945945946  0.0000000000 1
    0.0000000000  0.0990990991  0.0000000000 1
    0.0000000000  0.1036036036  0.0000000000 1
    0.0000000000  0.1081081081  0.0000000000 1
    0.0000000000  0.1126126126  0.0000000000 1
    0.0000000000  0.1171171171  0.0000000000 1
    0.0000000000  0.1216216216  0.0000000000 1
    0.0000000000  0.1261261261  0.0000000000 1
    0.0000000000  0.1306306306  0.0000000000 1
    0.0000000000  0.1351351351  0.0000000000 1
    0.0000000000  0.1396396396  0.0000000000 1
    0.0000000000  0.1441441441  0.0000000000 1
    0.0000000000  0.1486486486  0.0000000000 1
    0.0000000000  0.1531531532  0.0000000000 1
    0.0000000000  0.1576576577  0.0000000000 1
    0.0000000000  0.1621621622  0.0000000000 1
    0.0000000000  0.1666666667  0.0000000000 1
    0.0000000000  0.1711711712  0.0000000000 1
    0.0000000000  0.1756756757  0.0000000000 1
    0.0000000000  0.1801801802  0.0000000000 1
    0.0000000000  0.1846846847  0.0000000000 1
    0.0000000000  0.1891891892  0.0000000000 1
    0.0000000000  0.1936936937  0.0000000000 1
    0.0000000000  0.1981981982  0.0000000000 1
    0.0000000000  0.2027027027  0.0000000000 1
    0.0000000000  0.2072072072  0.0000000000 1
    0.0000000000  0.2117117117  0.0000000000 1
    0.0000000000  0.2162162162  0.0000000000 1
    0.0000000000  0.2207207207  0.0000000000 1
    0.0000000000  0.2252252252  0.0000000000 1
    0.0000000000  0.2297297297  0.0000000000 1
    0.0000000000  0.2342342342  0.0000000000 1
    0.0000000000  0.2387387387  0.0000000000 1
    0.0000000000  0.2432432432  0.0000000000 1
    0.0000000000  0.2477477477  0.0000000000 1
    0.0000000000  0.2522522523  0.0000000000 1
    0.0000000000  0.2567567568  0.0000000000 1
    0.0000000000  0.2612612613  0.0000000000 1
    0.0000000000  0.2657657658  0.0000000000 1
    0.0000000000  0.2702702703  0.0000000000 1
    0.0000000000  0.2747747748  0.0000000000 1
    0.0000000000  0.2792792793  0.0000000000 1
    0.0000000000  0.2837837838  0.0000000000 1
    0.0000000000  0.2882882883  0.0000000000 1
    0.0000000000  0.2927927928  0.0000000000 1
    0.0000000000  0.2972972973  0.0000000000 1
    0.0000000000  0.3018018018  0.0000000000 1
    0.0000000000  0.3063063063  0.0000000000 1
    0.0000000000  0.3108108108  0.0000000000 1
    0.0000000000  0.3153153153  0.0000000000 1
    0.0000000000  0.3198198198  0.0000000000 1
    0.0000000000  0.3243243243  0.0000000000 1
    0.0000000000  0.3288288288  0.0000000000 1
    0.0000000000  0.3333333333  0.0000000000 1
    0.0000000000  0.3378378378  0.0000000000 1
    0.0000000000  0.3423423423  0.0000000000 1
    0.0000000000  0.3468468468  0.0000000000 1
    0.0000000000  0.3513513514  0.0000000000 1
    0.0000000000  0.3558558559  0.0000000000 1
    0.0000000000  0.3603603604  0.0000000000 1
    0.0000000000  0.3648648649  0.0000000000 1
    0.0000000000  0.3693693694  0.0000000000 1
    0.0000000000  0.3738738739  0.0000000000 1
    0.0000000000  0.3783783784  0.0000000000 1
    0.0000000000  0.3828828829  0.0000000000 1
    0.0000000000  0.3873873874  0.0000000000 1
    0.0000000000  0.3918918919  0.0000000000 1
    0.0000000000  0.3963963964  0.0000000000 1
    0.0000000000  0.4009009009  0.0000000000 1
    0.0000000000  0.4054054054  0.0000000000 1
    0.0000000000  0.4099099099  0.0000000000 1
    0.0000000000  0.4144144144  0.0000000000 1
    0.0000000000  0.4189189189  0.0000000000 1
    0.0000000000  0.4234234234  0.0000000000 1
    0.0000000000  0.4279279279  0.0000000000 1
    0.0000000000  0.4324324324  0.0000000000 1
    0.0000000000  0.4369369369  0.0000000000 1
    0.0000000000  0.4414414414  0.0000000000 1
    0.0000000000  0.4459459459  0.0000000000 1
    0.0000000000  0.4504504505  0.0000000000 1
    0.0000000000  0.4549549550  0.0000000000 1
    0.0000000000  0.4594594595  0.0000000000 1
    0.0000000000  0.4639639640  0.0000000000 1
    0.0000000000  0.4684684685  0.0000000000 1
    0.0000000000  0.4729729730  0.0000000000 1
    0.0000000000  0.4774774775  0.0000000000 1
    0.0000000000  0.4819819820  0.0000000000 1
    0.0000000000  0.4864864865  0.0000000000 1
    0.0000000000  0.4909909910  0.0000000000 1
    0.0000000000  0.4954954955  0.0000000000 1
    0.0000000000  0.5000000000  0.0000000000 1
    0.0045045045  0.5000000000  0.0000000000 1
    0.0090090090  0.5000000000  0.0000000000 1
    0.0135135135  0.5000000000  0.0000000000 1
    0.0180180180  0.5000000000  0.0000000000 1
    0.0225225225  0.5000000000  0.0000000000 1
    0.0270270270  0.5000000000  0.0000000000 1
    0.0315315315  0.5000000000  0.0000000000 1
    0.0360360360  0.5000000000  0.0000000000 1
    0.0405405405  0.5000000000  0.0000000000 1
    0.0450450450  0.5000000000  0.0000000000 1
    0.0495495495  0.5000000000  0.0000000000 1
    0.0540540541  0.5000000000  0.0000000000 1
    0.0585585586  0.5000000000  0.0000000000 1
    0.0630630631  0.5000000000  0.0000000000 1
    0.0675675676  0.5000000000  0.0000000000 1
    0.0720720721  0.5000000000  0.0000000000 1
    0.0765765766  0.5000000000  0.0000000000 1
    0.0810810811  0.5000000000  0.0000000000 1
    0.0855855856  0.5000000000  0.0000000000 1
    0.0900900901  0.5000000000  0.0000000000 1
    0.0945945946  0.5000000000  0.0000000000 1
    0.0990990991  0.5000000000  0.0000000000 1
    0.1036036036  0.5000000000  0.0000000000 1
    0.1081081081  0.5000000000  0.0000000000 1
    0.1126126126  0.5000000000  0.0000000000 1
    0.1171171171  0.5000000000  0.0000000000 1
    0.1216216216  0.5000000000  0.0000000000 1
    0.1261261261  0.5000000000  0.0000000000 1
    0.1306306306  0.5000000000  0.0000000000 1
    0.1351351351  0.5000000000  0.0000000000 1
    0.1396396396  0.5000000000  0.0000000000 1
    0.1441441441  0.5000000000  0.0000000000 1
    0.1486486486  0.5000000000  0.0000000000 1
    0.1531531532  0.5000000000  0.0000000000 1
    0.1576576577  0.5000000000  0.0000000000 1
    0.1621621622  0.5000000000  0.0000000000 1
    0.1666666667  0.5000000000  0.0000000000 1
    0.1711711712  0.5000000000  0.0000000000 1
    0.1756756757  0.5000000000  0.0000000000 1
    0.1801801802  0.5000000000  0.0000000000 1
    0.1846846847  0.5000000000  0.0000000000 1
    0.1891891892  0.5000000000  0.0000000000 1
    0.1936936937  0.5000000000  0.0000000000 1
    0.1981981982  0.5000000000  0.0000000000 1
    0.2027027027  0.5000000000  0.0000000000 1
    0.2072072072  0.5000000000  0.0000000000 1
    0.2117117117  0.5000000000  0.0000000000 1
    0.2162162162  0.5000000000  0.0000000000 1
    0.2207207207  0.5000000000  0.0000000000 1
    0.2252252252  0.5000000000  0.0000000000 1
    0.2297297297  0.5000000000  0.0000000000 1
    0.2342342342  0.5000000000  0.0000000000 1
    0.2387387387  0.5000000000  0.0000000000 1
    0.2432432432  0.5000000000  0.0000000000 1
    0.2477477477  0.5000000000  0.0000000000 1
    0.2522522523  0.5000000000  0.0000000000 1
    0.2567567568  0.5000000000  0.0000000000 1
    0.2612612613  0.5000000000  0.0000000000 1
    0.2657657658  0.5000000000  0.0000000000 1
    0.2702702703  0.5000000000  0.0000000000 1
    0.2747747748  0.5000000000  0.0000000000 1
    0.2792792793  0.5000000000  0.0000000000 1
    0.2837837838  0.5000000000  0.0000000000 1
    0.2882882883  0.5000000000  0.0000000000 1
    0.2927927928  0.5000000000  0.0000000000 1
    0.2972972973  0.5000000000  0.0000000000 1
    0.3018018018  0.5000000000  0.0000000000 1
    0.3063063063  0.5000000000  0.0000000000 1
    0.3108108108  0.5000000000  0.0000000000 1
    0.3153153153  0.5000000000  0.0000000000 1
    0.3198198198  0.5000000000  0.0000000000 1
    0.3243243243  0.5000000000  0.0000000000 1
    0.3288288288  0.5000000000  0.0000000000 1
    0.3333333333  0.5000000000  0.0000000000 1
    0.3378378378  0.5000000000  0.0000000000 1
    0.3423423423  0.5000000000  0.0000000000 1
    0.3468468468  0.5000000000  0.0000000000 1
    0.3513513514  0.5000000000  0.0000000000 1
    0.3558558559  0.5000000000  0.0000000000 1
    0.3603603604  0.5000000000  0.0000000000 1
    0.3648648649  0.5000000000  0.0000000000 1
    0.3693693694  0.5000000000  0.0000000000 1
    0.3738738739  0.5000000000  0.0000000000 1
    0.3783783784  0.5000000000  0.0000000000 1
    0.3828828829  0.5000000000  0.0000000000 1
    0.3873873874  0.5000000000  0.0000000000 1
    0.3918918919  0.5000000000  0.0000000000 1
    0.3963963964  0.5000000000  0.0000000000 1
    0.4009009009  0.5000000000  0.0000000000 1
    0.4054054054  0.5000000000  0.0000000000 1
    0.4099099099  0.5000000000  0.0000000000 1
    0.4144144144  0.5000000000  0.0000000000 1
    0.4189189189  0.5000000000  0.0000000000 1
    0.4234234234  0.5000000000  0.0000000000 1
    0.4279279279  0.5000000000  0.0000000000 1
    0.4324324324  0.5000000000  0.0000000000 1
    0.4369369369  0.5000000000  0.0000000000 1
    0.4414414414  0.5000000000  0.0000000000 1
    0.4459459459  0.5000000000  0.0000000000 1
    0.4504504505  0.5000000000  0.0000000000 1
    0.4549549550  0.5000000000  0.0000000000 1
    0.4594594595  0.5000000000  0.0000000000 1
    0.4639639640  0.5000000000  0.0000000000 1
    0.4684684685  0.5000000000  0.0000000000 1
    0.4729729730  0.5000000000  0.0000000000 1
    0.4774774775  0.5000000000  0.0000000000 1
    0.4819819820  0.5000000000  0.0000000000 1
    0.4864864865  0.5000000000  0.0000000000 1
    0.4909909910  0.5000000000  0.0000000000 1
    0.4954954955  0.5000000000  0.0000000000 1
    0.5000000000  0.5000000000  0.0000000000 1
    0.4968152866  0.4968152866  0.0000000000 1
    0.4936305732  0.4936305732  0.0000000000 1
    0.4904458599  0.4904458599  0.0000000000 1
    0.4872611465  0.4872611465  0.0000000000 1
    0.4840764331  0.4840764331  0.0000000000 1
    0.4808917197  0.4808917197  0.0000000000 1
    0.4777070064  0.4777070064  0.0000000000 1
    0.4745222930  0.4745222930  0.0000000000 1
    0.4713375796  0.4713375796  0.0000000000 1
    0.4681528662  0.4681528662  0.0000000000 1
    0.4649681529  0.4649681529  0.0000000000 1
    0.4617834395  0.4617834395  0.0000000000 1
    0.4585987261  0.4585987261  0.0000000000 1
    0.4554140127  0.4554140127  0.0000000000 1
    0.4522292994  0.4522292994  0.0000000000 1
    0.4490445860  0.4490445860  0.0000000000 1
    0.4458598726  0.4458598726  0.0000000000 1
    0.4426751592  0.4426751592  0.0000000000 1
    0.4394904459  0.4394904459  0.0000000000 1
    0.4363057325  0.4363057325  0.0000000000 1
    0.4331210191  0.4331210191  0.0000000000 1
    0.4299363057  0.4299363057  0.0000000000 1
    0.4267515924  0.4267515924  0.0000000000 1
    0.4235668790  0.4235668790  0.0000000000 1
    0.4203821656  0.4203821656  0.0000000000 1
    0.4171974522  0.4171974522  0.0000000000 1
    0.4140127389  0.4140127389  0.0000000000 1
    0.4108280255  0.4108280255  0.0000000000 1
    0.4076433121  0.4076433121  0.0000000000 1
    0.4044585987  0.4044585987  0.0000000000 1
    0.4012738854  0.4012738854  0.0000000000 1
    0.3980891720  0.3980891720  0.0000000000 1
    0.3949044586  0.3949044586  0.0000000000 1
    0.3917197452  0.3917197452  0.0000000000 1
    0.3885350318  0.3885350318  0.0000000000 1
    0.3853503185  0.3853503185  0.0000000000 1
    0.3821656051  0.3821656051  0.0000000000 1
    0.3789808917  0.3789808917  0.0000000000 1
    0.3757961783  0.3757961783  0.0000000000 1
    0.3726114650  0.3726114650  0.0000000000 1
    0.3694267516  0.3694267516  0.0000000000 1
    0.3662420382  0.3662420382  0.0000000000 1
    0.3630573248  0.3630573248  0.0000000000 1
    0.3598726115  0.3598726115  0.0000000000 1
    0.3566878981  0.3566878981  0.0000000000 1
    0.3535031847  0.3535031847  0.0000000000 1
    0.3503184713  0.3503184713  0.0000000000 1
    0.3471337580  0.3471337580  0.0000000000 1
    0.3439490446  0.3439490446  0.0000000000 1
    0.3407643312  0.3407643312  0.0000000000 1
    0.3375796178  0.3375796178  0.0000000000 1
    0.3343949045  0.3343949045  0.0000000000 1
    0.3312101911  0.3312101911  0.0000000000 1
    0.3280254777  0.3280254777  0.0000000000 1
    0.3248407643  0.3248407643  0.0000000000 1
    0.3216560510  0.3216560510  0.0000000000 1
    0.3184713376  0.3184713376  0.0000000000 1
    0.3152866242  0.3152866242  0.0000000000 1
    0.3121019108  0.3121019108  0.0000000000 1
    0.3089171975  0.3089171975  0.0000000000 1
    0.3057324841  0.3057324841  0.0000000000 1
    0.3025477707  0.3025477707  0.0000000000 1
    0.2993630573  0.2993630573  0.0000000000 1
    0.2961783439  0.2961783439  0.0000000000 1
    0.2929936306  0.2929936306  0.0000000000 1
    0.2898089172  0.2898089172  0.0000000000 1
    0.2866242038  0.2866242038  0.0000000000 1
    0.2834394904  0.2834394904  0.0000000000 1
    0.2802547771  0.2802547771  0.0000000000 1
    0.2770700637  0.2770700637  0.0000000000 1
    0.2738853503  0.2738853503  0.0000000000 1
    0.2707006369  0.2707006369  0.0000000000 1
    0.2675159236  0.2675159236  0.0000000000 1
    0.2643312102  0.2643312102  0.0000000000 1
    0.2611464968  0.2611464968  0.0000000000 1
    0.2579617834  0.2579617834  0.0000000000 1
    0.2547770701  0.2547770701  0.0000000000 1
    0.2515923567  0.2515923567  0.0000000000 1
    0.2484076433  0.2484076433  0.0000000000 1
    0.2452229299  0.2452229299  0.0000000000 1
    0.2420382166  0.2420382166  0.0000000000 1
    0.2388535032  0.2388535032  0.0000000000 1
    0.2356687898  0.2356687898  0.0000000000 1
    0.2324840764  0.2324840764  0.0000000000 1
    0.2292993631  0.2292993631  0.0000000000 1
    0.2261146497  0.2261146497  0.0000000000 1
    0.2229299363  0.2229299363  0.0000000000 1
    0.2197452229  0.2197452229  0.0000000000 1
    0.2165605096  0.2165605096  0.0000000000 1
    0.2133757962  0.2133757962  0.0000000000 1
    0.2101910828  0.2101910828  0.0000000000 1
    0.2070063694  0.2070063694  0.0000000000 1
    0.2038216561  0.2038216561  0.0000000000 1
    0.2006369427  0.2006369427  0.0000000000 1
    0.1974522293  0.1974522293  0.0000000000 1
    0.1942675159  0.1942675159  0.0000000000 1
    0.1910828025  0.1910828025  0.0000000000 1
    0.1878980892  0.1878980892  0.0000000000 1
    0.1847133758  0.1847133758  0.0000000000 1
    0.1815286624  0.1815286624  0.0000000000 1
    0.1783439490  0.1783439490  0.0000000000 1
    0.1751592357  0.1751592357  0.0000000000 1
    0.1719745223  0.1719745223  0.0000000000 1
    0.1687898089  0.1687898089  0.0000000000 1
    0.1656050955  0.1656050955  0.0000000000 1
    0.1624203822  0.1624203822  0.0000000000 1
    0.1592356688  0.1592356688  0.0000000000 1
    0.1560509554  0.1560509554  0.0000000000 1
    0.1528662420  0.1528662420  0.0000000000 1
    0.1496815287  0.1496815287  0.0000000000 1
    0.1464968153  0.1464968153  0.0000000000 1
    0.1433121019  0.1433121019  0.0000000000 1
    0.1401273885  0.1401273885  0.0000000000 1
    0.1369426752  0.1369426752  0.0000000000 1
    0.1337579618  0.1337579618  0.0000000000 1
    0.1305732484  0.1305732484  0.0000000000 1
    0.1273885350  0.1273885350  0.0000000000 1
    0.1242038217  0.1242038217  0.0000000000 1
    0.1210191083  0.1210191083  0.0000000000 1
    0.1178343949  0.1178343949  0.0000000000 1
    0.1146496815  0.1146496815  0.0000000000 1
    0.1114649682  0.1114649682  0.0000000000 1
    0.1082802548  0.1082802548  0.0000000000 1
    0.1050955414  0.1050955414  0.0000000000 1
    0.1019108280  0.1019108280  0.0000000000 1
    0.0987261146  0.0987261146  0.0000000000 1
    0.0955414013  0.0955414013  0.0000000000 1
    0.0923566879  0.0923566879  0.0000000000 1
    0.0891719745  0.0891719745  0.0000000000 1
    0.0859872611  0.0859872611  0.0000000000 1
    0.0828025478  0.0828025478  0.0000000000 1
    0.0796178344  0.0796178344  0.0000000000 1
    0.0764331210  0.0764331210  0.0000000000 1
    0.0732484076  0.0732484076  0.0000000000 1
    0.0700636943  0.0700636943  0.0000000000 1
    0.0668789809  0.0668789809  0.0000000000 1
    0.0636942675  0.0636942675  0.0000000000 1
    0.0605095541  0.0605095541  0.0000000000 1
    0.0573248408  0.0573248408  0.0000000000 1
    0.0541401274  0.0541401274  0.0000000000 1
    0.0509554140  0.0509554140  0.0000000000 1
    0.0477707006  0.0477707006  0.0000000000 1
    0.0445859873  0.0445859873  0.0000000000 1
    0.0414012739  0.0414012739  0.0000000000 1
    0.0382165605  0.0382165605  0.0000000000 1
    0.0350318471  0.0350318471  0.0000000000 1
    0.0318471338  0.0318471338  0.0000000000 1
    0.0286624204  0.0286624204  0.0000000000 1
    0.0254777070  0.0254777070  0.0000000000 1
    0.0222929936  0.0222929936  0.0000000000 1
    0.0191082803  0.0191082803  0.0000000000 1
    0.0159235669  0.0159235669  0.0000000000 1
    0.0127388535  0.0127388535  0.0000000000 1
    0.0095541401  0.0095541401  0.0000000000 1
    0.0063694268  0.0063694268  0.0000000000 1
    0.0031847134  0.0031847134  0.0000000000 1
    0.0000000000  0.0000000000  0.0000000000 1
    0.0025906736  0.0025906736  0.0025906736 1
    0.0051813472  0.0051813472  0.0051813472 1
    0.0077720207  0.0077720207  0.0077720207 1
    0.0103626943  0.0103626943  0.0103626943 1
    0.0129533679  0.0129533679  0.0129533679 1
    0.0155440415  0.0155440415  0.0155440415 1
    0.0181347150  0.0181347150  0.0181347150 1
    0.0207253886  0.0207253886  0.0207253886 1
    0.0233160622  0.0233160622  0.0233160622 1
    0.0259067358  0.0259067358  0.0259067358 1
    0.0284974093  0.0284974093  0.0284974093 1
    0.0310880829  0.0310880829  0.0310880829 1
    0.0336787565  0.0336787565  0.0336787565 1
    0.0362694301  0.0362694301  0.0362694301 1
    0.0388601036  0.0388601036  0.0388601036 1
    0.0414507772  0.0414507772  0.0414507772 1
    0.0440414508  0.0440414508  0.0440414508 1
    0.0466321244  0.0466321244  0.0466321244 1
    0.0492227979  0.0492227979  0.0492227979 1
    0.0518134715  0.0518134715  0.0518134715 1
    0.0544041451  0.0544041451  0.0544041451 1
    0.0569948187  0.0569948187  0.0569948187 1
    0.0595854922  0.0595854922  0.0595854922 1
    0.0621761658  0.0621761658  0.0621761658 1
    0.0647668394  0.0647668394  0.0647668394 1
    0.0673575130  0.0673575130  0.0673575130 1
    0.0699481865  0.0699481865  0.0699481865 1
    0.0725388601  0.0725388601  0.0725388601 1
    0.0751295337  0.0751295337  0.0751295337 1
    0.0777202073  0.0777202073  0.0777202073 1
    0.0803108808  0.0803108808  0.0803108808 1
    0.0829015544  0.0829015544  0.0829015544 1
    0.0854922280  0.0854922280  0.0854922280 1
    0.0880829016  0.0880829016  0.0880829016 1
    0.0906735751  0.0906735751  0.0906735751 1
    0.0932642487  0.0932642487  0.0932642487 1
    0.0958549223  0.0958549223  0.0958549223 1
    0.0984455959  0.0984455959  0.0984455959 1
    0.1010362694  0.1010362694  0.1010362694 1
    0.1036269430  0.1036269430  0.1036269430 1
    0.1062176166  0.1062176166  0.1062176166 1
    0.1088082902  0.1088082902  0.1088082902 1
    0.1113989637  0.1113989637  0.1113989637 1
    0.1139896373  0.1139896373  0.1139896373 1
    0.1165803109  0.1165803109  0.1165803109 1
    0.1191709845  0.1191709845  0.1191709845 1
    0.1217616580  0.1217616580  0.1217616580 1
    0.1243523316  0.1243523316  0.1243523316 1
    0.1269430052  0.1269430052  0.1269430052 1
    0.1295336788  0.1295336788  0.1295336788 1
    0.1321243523  0.1321243523  0.1321243523 1
    0.1347150259  0.1347150259  0.1347150259 1
    0.1373056995  0.1373056995  0.1373056995 1
    0.1398963731  0.1398963731  0.1398963731 1
    0.1424870466  0.1424870466  0.1424870466 1
    0.1450777202  0.1450777202  0.1450777202 1
    0.1476683938  0.1476683938  0.1476683938 1
    0.1502590674  0.1502590674  0.1502590674 1
    0.1528497409  0.1528497409  0.1528497409 1
    0.1554404145  0.1554404145  0.1554404145 1
    0.1580310881  0.1580310881  0.1580310881 1
    0.1606217617  0.1606217617  0.1606217617 1
    0.1632124352  0.1632124352  0.1632124352 1
    0.1658031088  0.1658031088  0.1658031088 1
    0.1683937824  0.1683937824  0.1683937824 1
    0.1709844560  0.1709844560  0.1709844560 1
    0.1735751295  0.1735751295  0.1735751295 1
    0.1761658031  0.1761658031  0.1761658031 1
    0.1787564767  0.1787564767  0.1787564767 1
    0.1813471503  0.1813471503  0.1813471503 1
    0.1839378238  0.1839378238  0.1839378238 1
    0.1865284974  0.1865284974  0.1865284974 1
    0.1891191710  0.1891191710  0.1891191710 1
    0.1917098446  0.1917098446  0.1917098446 1
    0.1943005181  0.1943005181  0.1943005181 1
    0.1968911917  0.1968911917  0.1968911917 1
    0.1994818653  0.1994818653  0.1994818653 1
    0.2020725389  0.2020725389  0.2020725389 1
    0.2046632124  0.2046632124  0.2046632124 1
    0.2072538860  0.2072538860  0.2072538860 1
    0.2098445596  0.2098445596  0.2098445596 1
    0.2124352332  0.2124352332  0.2124352332 1
    0.2150259067  0.2150259067  0.2150259067 1
    0.2176165803  0.2176165803  0.2176165803 1
    0.2202072539  0.2202072539  0.2202072539 1
    0.2227979275  0.2227979275  0.2227979275 1
    0.2253886010  0.2253886010  0.2253886010 1
    0.2279792746  0.2279792746  0.2279792746 1
    0.2305699482  0.2305699482  0.2305699482 1
    0.2331606218  0.2331606218  0.2331606218 1
    0.2357512953  0.2357512953  0.2357512953 1
    0.2383419689  0.2383419689  0.2383419689 1
    0.2409326425  0.2409326425  0.2409326425 1
    0.2435233161  0.2435233161  0.2435233161 1
    0.2461139896  0.2461139896  0.2461139896 1
    0.2487046632  0.2487046632  0.2487046632 1
    0.2512953368  0.2512953368  0.2512953368 1
    0.2538860104  0.2538860104  0.2538860104 1
    0.2564766839  0.2564766839  0.2564766839 1
    0.2590673575  0.2590673575  0.2590673575 1
    0.2616580311  0.2616580311  0.2616580311 1
    0.2642487047  0.2642487047  0.2642487047 1
    0.2668393782  0.2668393782  0.2668393782 1
    0.2694300518  0.2694300518  0.2694300518 1
    0.2720207254  0.2720207254  0.2720207254 1
    0.2746113990  0.2746113990  0.2746113990 1
    0.2772020725  0.2772020725  0.2772020725 1
    0.2797927461  0.2797927461  0.2797927461 1
    0.2823834197  0.2823834197  0.2823834197 1
    0.2849740933  0.2849740933  0.2849740933 1
    0.2875647668  0.2875647668  0.2875647668 1
    0.2901554404  0.2901554404  0.2901554404 1
    0.2927461140  0.2927461140  0.2927461140 1
    0.2953367876  0.2953367876  0.2953367876 1
    0.2979274611  0.2979274611  0.2979274611 1
    0.3005181347  0.3005181347  0.3005181347 1
    0.3031088083  0.3031088083  0.3031088083 1
    0.3056994819  0.3056994819  0.3056994819 1
    0.3082901554  0.3082901554  0.3082901554 1
    0.3108808290  0.3108808290  0.3108808290 1
    0.3134715026  0.3134715026  0.3134715026 1
    0.3160621762  0.3160621762  0.3160621762 1
    0.3186528497  0.3186528497  0.3186528497 1
    0.3212435233  0.3212435233  0.3212435233 1
    0.3238341969  0.3238341969  0.3238341969 1
    0.3264248705  0.3264248705  0.3264248705 1
    0.3290155440  0.3290155440  0.3290155440 1
    0.3316062176  0.3316062176  0.3316062176 1
    0.3341968912  0.3341968912  0.3341968912 1
    0.3367875648  0.3367875648  0.3367875648 1
    0.3393782383  0.3393782383  0.3393782383 1
    0.3419689119  0.3419689119  0.3419689119 1
    0.3445595855  0.3445595855  0.3445595855 1
    0.3471502591  0.3471502591  0.3471502591 1
    0.3497409326  0.3497409326  0.3497409326 1
    0.3523316062  0.3523316062  0.3523316062 1
    0.3549222798  0.3549222798  0.3549222798 1
    0.3575129534  0.3575129534  0.3575129534 1
    0.3601036269  0.3601036269  0.3601036269 1
    0.3626943005  0.3626943005  0.3626943005 1
    0.3652849741  0.3652849741  0.3652849741 1
    0.3678756477  0.3678756477  0.3678756477 1
    0.3704663212  0.3704663212  0.3704663212 1
    0.3730569948  0.3730569948  0.3730569948 1
    0.3756476684  0.3756476684  0.3756476684 1
    0.3782383420  0.3782383420  0.3782383420 1
    0.3808290155  0.3808290155  0.3808290155 1
    0.3834196891  0.3834196891  0.3834196891 1
    0.3860103627  0.3860103627  0.3860103627 1
    0.3886010363  0.3886010363  0.3886010363 1
    0.3911917098  0.3911917098  0.3911917098 1
    0.3937823834  0.3937823834  0.3937823834 1
    0.3963730570  0.3963730570  0.3963730570 1
    0.3989637306  0.3989637306  0.3989637306 1
    0.4015544041  0.4015544041  0.4015544041 1
    0.4041450777  0.4041450777  0.4041450777 1
    0.4067357513  0.4067357513  0.4067357513 1
    0.4093264249  0.4093264249  0.4093264249 1
    0.4119170984  0.4119170984  0.4119170984 1
    0.4145077720  0.4145077720  0.4145077720 1
    0.4170984456  0.4170984456  0.4170984456 1
    0.4196891192  0.4196891192  0.4196891192 1
    0.4222797927  0.4222797927  0.4222797927 1
    0.4248704663  0.4248704663  0.4248704663 1
    0.4274611399  0.4274611399  0.4274611399 1
    0.4300518135  0.4300518135  0.4300518135 1
    0.4326424870  0.4326424870  0.4326424870 1
    0.4352331606  0.4352331606  0.4352331606 1
    0.4378238342  0.4378238342  0.4378238342 1
    0.4404145078  0.4404145078  0.4404145078 1
    0.4430051813  0.4430051813  0.4430051813 1
    0.4455958549  0.4455958549  0.4455958549 1
    0.4481865285  0.4481865285  0.4481865285 1
    0.4507772021  0.4507772021  0.4507772021 1
    0.4533678756  0.4533678756  0.4533678756 1
    0.4559585492  0.4559585492  0.4559585492 1
    0.4585492228  0.4585492228  0.4585492228 1
    0.4611398964  0.4611398964  0.4611398964 1
    0.4637305699  0.4637305699  0.4637305699 1
    0.4663212435  0.4663212435  0.4663212435 1
    0.4689119171  0.4689119171  0.4689119171 1
    0.4715025907  0.4715025907  0.4715025907 1
    0.4740932642  0.4740932642  0.4740932642 1
    0.4766839378  0.4766839378  0.4766839378 1
    0.4792746114  0.4792746114  0.4792746114 1
    0.4818652850  0.4818652850  0.4818652850 1
    0.4844559585  0.4844559585  0.4844559585 1
    0.4870466321  0.4870466321  0.4870466321 1
    0.4896373057  0.4896373057  0.4896373057 1
    0.4922279793  0.4922279793  0.4922279793 1
    0.4948186528  0.4948186528  0.4948186528 1
    0.4974093264  0.4974093264  0.4974093264 1
    0.5000000000  0.5000000000  0.5000000000 1
    0.4968152866  0.5000000000  0.4968152866 1
    0.4936305732  0.5000000000  0.4936305732 1
    0.4904458599  0.5000000000  0.4904458599 1
    0.4872611465  0.5000000000  0.4872611465 1
    0.4840764331  0.5000000000  0.4840764331 1
    0.4808917197  0.5000000000  0.4808917197 1
    0.4777070064  0.5000000000  0.4777070064 1
    0.4745222930  0.5000000000  0.4745222930 1
    0.4713375796  0.5000000000  0.4713375796 1
    0.4681528662  0.5000000000  0.4681528662 1
    0.4649681529  0.5000000000  0.4649681529 1
    0.4617834395  0.5000000000  0.4617834395 1
    0.4585987261  0.5000000000  0.4585987261 1
    0.4554140127  0.5000000000  0.4554140127 1
    0.4522292994  0.5000000000  0.4522292994 1
    0.4490445860  0.5000000000  0.4490445860 1
    0.4458598726  0.5000000000  0.4458598726 1
    0.4426751592  0.5000000000  0.4426751592 1
    0.4394904459  0.5000000000  0.4394904459 1
    0.4363057325  0.5000000000  0.4363057325 1
    0.4331210191  0.5000000000  0.4331210191 1
    0.4299363057  0.5000000000  0.4299363057 1
    0.4267515924  0.5000000000  0.4267515924 1
    0.4235668790  0.5000000000  0.4235668790 1
    0.4203821656  0.5000000000  0.4203821656 1
    0.4171974522  0.5000000000  0.4171974522 1
    0.4140127389  0.5000000000  0.4140127389 1
    0.4108280255  0.5000000000  0.4108280255 1
    0.4076433121  0.5000000000  0.4076433121 1
    0.4044585987  0.5000000000  0.4044585987 1
    0.4012738854  0.5000000000  0.4012738854 1
    0.3980891720  0.5000000000  0.3980891720 1
    0.3949044586  0.5000000000  0.3949044586 1
    0.3917197452  0.5000000000  0.3917197452 1
    0.3885350318  0.5000000000  0.3885350318 1
    0.3853503185  0.5000000000  0.3853503185 1
    0.3821656051  0.5000000000  0.3821656051 1
    0.3789808917  0.5000000000  0.3789808917 1
    0.3757961783  0.5000000000  0.3757961783 1
    0.3726114650  0.5000000000  0.3726114650 1
    0.3694267516  0.5000000000  0.3694267516 1
    0.3662420382  0.5000000000  0.3662420382 1
    0.3630573248  0.5000000000  0.3630573248 1
    0.3598726115  0.5000000000  0.3598726115 1
    0.3566878981  0.5000000000  0.3566878981 1
    0.3535031847  0.5000000000  0.3535031847 1
    0.3503184713  0.5000000000  0.3503184713 1
    0.3471337580  0.5000000000  0.3471337580 1
    0.3439490446  0.5000000000  0.3439490446 1
    0.3407643312  0.5000000000  0.3407643312 1
    0.3375796178  0.5000000000  0.3375796178 1
    0.3343949045  0.5000000000  0.3343949045 1
    0.3312101911  0.5000000000  0.3312101911 1
    0.3280254777  0.5000000000  0.3280254777 1
    0.3248407643  0.5000000000  0.3248407643 1
    0.3216560510  0.5000000000  0.3216560510 1
    0.3184713376  0.5000000000  0.3184713376 1
    0.3152866242  0.5000000000  0.3152866242 1
    0.3121019108  0.5000000000  0.3121019108 1
    0.3089171975  0.5000000000  0.3089171975 1
    0.3057324841  0.5000000000  0.3057324841 1
    0.3025477707  0.5000000000  0.3025477707 1
    0.2993630573  0.5000000000  0.2993630573 1
    0.2961783439  0.5000000000  0.2961783439 1
    0.2929936306  0.5000000000  0.2929936306 1
    0.2898089172  0.5000000000  0.2898089172 1
    0.2866242038  0.5000000000  0.2866242038 1
    0.2834394904  0.5000000000  0.2834394904 1
    0.2802547771  0.5000000000  0.2802547771 1
    0.2770700637  0.5000000000  0.2770700637 1
    0.2738853503  0.5000000000  0.2738853503 1
    0.2707006369  0.5000000000  0.2707006369 1
    0.2675159236  0.5000000000  0.2675159236 1
    0.2643312102  0.5000000000  0.2643312102 1
    0.2611464968  0.5000000000  0.2611464968 1
    0.2579617834  0.5000000000  0.2579617834 1
    0.2547770701  0.5000000000  0.2547770701 1
    0.2515923567  0.5000000000  0.2515923567 1
    0.2484076433  0.5000000000  0.2484076433 1
    0.2452229299  0.5000000000  0.2452229299 1
    0.2420382166  0.5000000000  0.2420382166 1
    0.2388535032  0.5000000000  0.2388535032 1
    0.2356687898  0.5000000000  0.2356687898 1
    0.2324840764  0.5000000000  0.2324840764 1
    0.2292993631  0.5000000000  0.2292993631 1
    0.2261146497  0.5000000000  0.2261146497 1
    0.2229299363  0.5000000000  0.2229299363 1
    0.2197452229  0.5000000000  0.2197452229 1
    0.2165605096  0.5000000000  0.2165605096 1
    0.2133757962  0.5000000000  0.2133757962 1
    0.2101910828  0.5000000000  0.2101910828 1
    0.2070063694  0.5000000000  0.2070063694 1
    0.2038216561  0.5000000000  0.2038216561 1
    0.2006369427  0.5000000000  0.2006369427 1
    0.1974522293  0.5000000000  0.1974522293 1
    0.1942675159  0.5000000000  0.1942675159 1
    0.1910828025  0.5000000000  0.1910828025 1
    0.1878980892  0.5000000000  0.1878980892 1
    0.1847133758  0.5000000000  0.1847133758 1
    0.1815286624  0.5000000000  0.1815286624 1
    0.1783439490  0.5000000000  0.1783439490 1
    0.1751592357  0.5000000000  0.1751592357 1
    0.1719745223  0.5000000000  0.1719745223 1
    0.1687898089  0.5000000000  0.1687898089 1
    0.1656050955  0.5000000000  0.1656050955 1
    0.1624203822  0.5000000000  0.1624203822 1
    0.1592356688  0.5000000000  0.1592356688 1
    0.1560509554  0.5000000000  0.1560509554 1
    0.1528662420  0.5000000000  0.1528662420 1
    0.1496815287  0.5000000000  0.1496815287 1
    0.1464968153  0.5000000000  0.1464968153 1
    0.1433121019  0.5000000000  0.1433121019 1
    0.1401273885  0.5000000000  0.1401273885 1
    0.1369426752  0.5000000000  0.1369426752 1
    0.1337579618  0.5000000000  0.1337579618 1
    0.1305732484  0.5000000000  0.1305732484 1
    0.1273885350  0.5000000000  0.1273885350 1
    0.1242038217  0.5000000000  0.1242038217 1
    0.1210191083  0.5000000000  0.1210191083 1
    0.1178343949  0.5000000000  0.1178343949 1
    0.1146496815  0.5000000000  0.1146496815 1
    0.1114649682  0.5000000000  0.1114649682 1
    0.1082802548  0.5000000000  0.1082802548 1
    0.1050955414  0.5000000000  0.1050955414 1
    0.1019108280  0.5000000000  0.1019108280 1
    0.0987261146  0.5000000000  0.0987261146 1
    0.0955414013  0.5000000000  0.0955414013 1
    0.0923566879  0.5000000000  0.0923566879 1
    0.0891719745  0.5000000000  0.0891719745 1
    0.0859872611  0.5000000000  0.0859872611 1
    0.0828025478  0.5000000000  0.0828025478 1
    0.0796178344  0.5000000000  0.0796178344 1
    0.0764331210  0.5000000000  0.0764331210 1
    0.0732484076  0.5000000000  0.0732484076 1
    0.0700636943  0.5000000000  0.0700636943 1
    0.0668789809  0.5000000000  0.0668789809 1
    0.0636942675  0.5000000000  0.0636942675 1
    0.0605095541  0.5000000000  0.0605095541 1
    0.0573248408  0.5000000000  0.0573248408 1
    0.0541401274  0.5000000000  0.0541401274 1
    0.0509554140  0.5000000000  0.0509554140 1
    0.0477707006  0.5000000000  0.0477707006 1
    0.0445859873  0.5000000000  0.0445859873 1
    0.0414012739  0.5000000000  0.0414012739 1
    0.0382165605  0.5000000000  0.0382165605 1
    0.0350318471  0.5000000000  0.0350318471 1
    0.0318471338  0.5000000000  0.0318471338 1
    0.0286624204  0.5000000000  0.0286624204 1
    0.0254777070  0.5000000000  0.0254777070 1
    0.0222929936  0.5000000000  0.0222929936 1
    0.0191082803  0.5000000000  0.0191082803 1
    0.0159235669  0.5000000000  0.0159235669 1
    0.0127388535  0.5000000000  0.0127388535 1
    0.0095541401  0.5000000000  0.0095541401 1
    0.0063694268  0.5000000000  0.0063694268 1
    0.0031847134  0.5000000000  0.0031847134 1
    0.0000000000  0.5000000000  0.0000000000 1
