&input
 flfrc='nb.888.fc',
 q_in_cryst_coord=.TRUE.,
 asr='simple',
 flfrq='nb.freq',
/
420
    0.0000000000  0.0000000000  0.0000000000 1
    0.0049504950  -0.0049504950  0.0049504950 1
    0.0099009901  -0.0099009901  0.0099009901 1
    0.0148514851  -0.0148514851  0.0148514851 1
    0.0198019802  -0.0198019802  0.0198019802 1
    0.0247524752  -0.0247524752  0.0247524752 1
    0.0297029703  -0.0297029703  0.0297029703 1
    0.0346534653  -0.0346534653  0.0346534653 1
    0.0396039604  -0.0396039604  0.0396039604 1
    0.0445544554  -0.0445544554  0.0445544554 1
    0.0495049505  -0.0495049505  0.0495049505 1
    0.0544554455  -0.0544554455  0.0544554455 1
    0.0594059406  -0.0594059406  0.0594059406 1
    0.0643564356  -0.0643564356  0.0643564356 1
    0.0693069307  -0.0693069307  0.0693069307 1
    0.0742574257  -0.0742574257  0.0742574257 1
    0.0792079208  -0.0792079208  0.0792079208 1
    0.0841584158  -0.0841584158  0.0841584158 1
    0.0891089109  -0.0891089109  0.0891089109 1
    0.0940594059  -0.0940594059  0.0940594059 1
    0.0990099010  -0.0990099010  0.0990099010 1
    0.1039603960  -0.1039603960  0.1039603960 1
    0.1089108911  -0.1089108911  0.1089108911 1
    0.1138613861  -0.1138613861  0.1138613861 1
    0.1188118812  -0.1188118812  0.1188118812 1
    0.1237623762  -0.1237623762  0.1237623762 1
    0.1287128713  -0.1287128713  0.1287128713 1
    0.1336633663  -0.1336633663  0.1336633663 1
    0.1386138614  -0.1386138614  0.1386138614 1
    0.1435643564  -0.1435643564  0.1435643564 1
    0.1485148515  -0.1485148515  0.1485148515 1
    0.1534653465  -0.1534653465  0.1534653465 1
    0.1584158416  -0.1584158416  0.1584158416 1
    0.1633663366  -0.1633663366  0.1633663366 1
    0.1683168317  -0.1683168317  0.1683168317 1
    0.1732673267  -0.1732673267  0.1732673267 1
    0.1782178218  -0.1782178218  0.1782178218 1
    0.1831683168  -0.1831683168  0.1831683168 1
    0.1881188119  -0.1881188119  0.1881188119 1
    0.1930693069  -0.1930693069  0.1930693069 1
    0.1980198020  -0.1980198020  0.1980198020 1
    0.2029702970  -0.2029702970  0.2029702970 1
    0.2079207921  -0.2079207921  0.2079207921 1
    0.2128712871  -0.2128712871  0.2128712871 1
    0.2178217822  -0.2178217822  0.2178217822 1
    0.2227722772  -0.2227722772  0.2227722772 1
    0.2277227723  -0.2277227723  0.2277227723 1
    0.2326732673  -0.2326732673  0.2326732673 1
    0.2376237624  -0.2376237624  0.2376237624 1
    0.2425742574  -0.2425742574  0.2425742574 1
    0.2475247525  -0.2475247525  0.2475247525 1
    0.2524752475  -0.2524752475  0.2524752475 1
    0.2574257426  -0.2574257426  0.2574257426 1
    0.2623762376  -0.2623762376  0.2623762376 1
    0.2673267327  -0.2673267327  0.2673267327 1
    0.2722772277  -0.2722772277  0.2722772277 1
    0.2772277228  -0.2772277228  0.2772277228 1
    0.2821782178  -0.2821782178  0.2821782178 1
    0.2871287129  -0.2871287129  0.2871287129 1
    0.2920792079  -0.2920792079  0.2920792079 1
    0.2970297030  -0.2970297030  0.2970297030 1
    0.3019801980  -0.3019801980  0.3019801980 1
    0.3069306931  -0.3069306931  0.3069306931 1
    0.3118811881  -0.3118811881  0.3118811881 1
    0.3168316832  -0.3168316832  0.3168316832 1
    0.3217821782  -0.3217821782  0.3217821782 1
    0.3267326733  -0.3267326733  0.3267326733 1
    0.3316831683  -0.3316831683  0.3316831683 1
    0.3366336634  -0.3366336634  0.3366336634 1
    0.3415841584  -0.3415841584  0.3415841584 1
    0.3465346535  -0.3465346535  0.3465346535 1
    0.3514851485  -0.3514851485  0.3514851485 1
    0.3564356436  -0.3564356436  0.3564356436 1
    0.3613861386  -0.3613861386  0.3613861386 1
    0.3663366337  -0.3663366337  0.3663366337 1
    0.3712871287  -0.3712871287  0.3712871287 1
    0.3762376238  -0.3762376238  0.3762376238 1
    0.3811881188  -0.3811881188  0.3811881188 1
    0.3861386139  -0.3861386139  0.3861386139 1
    0.3910891089  -0.3910891089  0.3910891089 1
    0.3960396040  -0.3960396040  0.3960396040 1
    0.4009900990  -0.4009900990  0.4009900990 1
    0.4059405941  -0.4059405941  0.4059405941 1
    0.4108910891  -0.4108910891  0.4108910891 1
    0.4158415842  -0.4158415842  0.4158415842 1
    0.4207920792  -0.4207920792  0.4207920792 1
    0.4257425743  -0.4257425743  0.4257425743 1
    0.4306930693  -0.4306930693  0.4306930693 1
    0.4356435644  -0.4356435644  0.4356435644 1
    0.4405940594  -0.4405940594  0.4405940594 1
    0.4455445545  -0.4455445545  0.4455445545 1
    0.4504950495  -0.4504950495  0.4504950495 1
    0.4554455446  -0.4554455446  0.4554455446 1
    0.4603960396  -0.4603960396  0.4603960396 1
    0.4653465347  -0.4653465347  0.4653465347 1
    0.4702970297  -0.4702970297  0.4702970297 1
    0.4752475248  -0.4752475248  0.4752475248 1
    0.4801980198  -0.4801980198  0.4801980198 1
    0.4851485149  -0.4851485149  0.4851485149 1
    0.4900990099  -0.4900990099  0.4900990099 1
    0.4950495050  -0.4950495050  0.4950495050 1
    0.5000000000  -0.5000000000  0.5000000000 1
    0.4929577465  -0.4929577465  0.5000000000 1
    0.4859154930  -0.4859154930  0.5000000000 1
    0.4788732394  -0.4788732394  0.5000000000 1
    0.4718309859  -0.4718309859  0.5000000000 1
    0.4647887324  -0.4647887324  0.5000000000 1
    0.4577464789  -0.4577464789  0.5000000000 1
    0.4507042254  -0.4507042254  0.5000000000 1
    0.4436619718  -0.4436619718  0.5000000000 1
    0.4366197183  -0.4366197183  0.5000000000 1
    0.4295774648  -0.4295774648  0.5000000000 1
    0.4225352113  -0.4225352113  0.5000000000 1
    0.4154929577  -0.4154929577  0.5000000000 1
    0.4084507042  -0.4084507042  0.5000000000 1
    0.4014084507  -0.4014084507  0.5000000000 1
    0.3943661972  -0.3943661972  0.5000000000 1
    0.3873239437  -0.3873239437  0.5000000000 1
    0.3802816901  -0.3802816901  0.5000000000 1
    0.3732394366  -0.3732394366  0.5000000000 1
    0.3661971831  -0.3661971831  0.5000000000 1
    0.3591549296  -0.3591549296  0.5000000000 1
    0.3521126761  -0.3521126761  0.5000000000 1
    0.3450704225  -0.3450704225  0.5000000000 1
    0.3380281690  -0.3380281690  0.5000000000 1
    0.3309859155  -0.3309859155  0.5000000000 1
    0.3239436620  -0.3239436620  0.5000000000 1
    0.3169014085  -0.3169014085  0.5000000000 1
    0.3098591549  -0.3098591549  0.5000000000 1
    0.3028169014  -0.3028169014  0.5000000000 1
    0.2957746479  -0.2957746479  0.5000000000 1
    0.2887323944  -0.2887323944  0.5000000000 1
    0.2816901408  -0.2816901408  0.5000000000 1
    0.2746478873  -0.2746478873  0.5000000000 1
    0.2676056338  -0.2676056338  0.5000000000 1
    0.2605633803  -0.2605633803  0.5000000000 1
    0.2535211268  -0.2535211268  0.5000000000 1
    0.2464788732  -0.2464788732  0.5000000000 1
    0.2394366197  -0.2394366197  0.5000000000 1
    0.2323943662  -0.2323943662  0.5000000000 1
    0.2253521127  -0.2253521127  0.5000000000 1
    0.2183098592  -0.2183098592  0.5000000000 1
    0.2112676056  -0.2112676056  0.5000000000 1
    0.2042253521  -0.2042253521  0.5000000000 1
    0.1971830986  -0.1971830986  0.5000000000 1
    0.1901408451  -0.1901408451  0.5000000000 1
    0.1830985915  -0.1830985915  0.5000000000 1
    0.1760563380  -0.1760563380  0.5000000000 1
    0.1690140845  -0.1690140845  0.5000000000 1
    0.1619718310  -0.1619718310  0.5000000000 1
    0.1549295775  -0.1549295775  0.5000000000 1
    0.1478873239  -0.1478873239  0.5000000000 1
    0.1408450704  -0.1408450704  0.5000000000 1
    0.1338028169  -0.1338028169  0.5000000000 1
    0.1267605634  -0.1267605634  0.5000000000 1
    0.1197183099  -0.1197183099  0.5000000000 1
    0.1126760563  -0.1126760563  0.5000000000 1
    0.1056338028  -0.1056338028  0.5000000000 1
    0.0985915493  -0.0985915493  0.5000000000 1
    0.0915492958  -0.0915492958  0.5000000000 1
    0.0845070423  -0.0845070423  0.5000000000 1
    0.0774647887  -0.0774647887  0.5000000000 1
    0.0704225352  -0.0704225352  0.5000000000 1
    0.0633802817  -0.0633802817  0.5000000000 1
    0.0563380282  -0.0563380282  0.5000000000 1
    0.0492957746  -0.0492957746  0.5000000000 1
    0.0422535211  -0.0422535211  0.5000000000 1
    0.0352112676  -0.0352112676  0.5000000000 1
    0.0281690141  -0.0281690141  0.5000000000 1
    0.0211267606  -0.0211267606  0.5000000000 1
    0.0140845070  -0.0140845070  0.5000000000 1
    0.0070422535  -0.0070422535  0.5000000000 1
    0.0000000000  0.0000000000  0.5000000000 1
    0.0000000000  0.0000000000  0.4929577465 1
    0.0000000000  0.0000000000  0.4859154930 1
    0.0000000000  0.0000000000  0.4788732394 1
    0.0000000000  0.0000000000  0.4718309859 1
    0.0000000000  0.0000000000  0.4647887324 1
    0.0000000000  0.0000000000  0.4577464789 1
    0.0000000000  0.0000000000  0.4507042254 1
    0.0000000000  0.0000000000  0.4436619718 1
    0.0000000000  0.0000000000  0.4366197183 1
    0.0000000000  0.0000000000  0.4295774648 1
    0.0000000000  0.0000000000  0.4225352113 1
    0.0000000000  0.0000000000  0.4154929577 1
    0.0000000000  0.0000000000  0.4084507042 1
    0.0000000000  0.0000000000  0.4014084507 1
    0.0000000000  0.0000000000  0.3943661972 1
    0.0000000000  0.0000000000  0.3873239437 1
    0.0000000000  0.0000000000  0.3802816901 1
    0.0000000000  0.0000000000  0.3732394366 1
    0.0000000000  0.0000000000  0.3661971831 1
    0.0000000000  0.0000000000  0.3591549296 1
    0.0000000000  0.0000000000  0.3521126761 1
    0.0000000000  0.0000000000  0.3450704225 1
    0.0000000000  0.0000000000  0.3380281690 1
    0.0000000000  0.0000000000  0.3309859155 1
    0.0000000000  0.0000000000  0.3239436620 1
    0.0000000000  0.0000000000  0.3169014085 1
    0.0000000000  0.0000000000  0.3098591549 1
    0.0000000000  0.0000000000  0.3028169014 1
    0.0000000000  0.0000000000  0.2957746479 1
    0.0000000000  0.0000000000  0.2887323944 1
    0.0000000000  0.0000000000  0.2816901408 1
    0.0000000000  0.0000000000  0.2746478873 1
    0.0000000000  0.0000000000  0.2676056338 1
    0.0000000000  0.0000000000  0.2605633803 1
    0.0000000000  0.0000000000  0.2535211268 1
    0.0000000000  0.0000000000  0.2464788732 1
    0.0000000000  0.0000000000  0.2394366197 1
    0.0000000000  0.0000000000  0.2323943662 1
    0.0000000000  0.0000000000  0.2253521127 1
    0.0000000000  0.0000000000  0.2183098592 1
    0.0000000000  0.0000000000  0.2112676056 1
    0.0000000000  0.0000000000  0.2042253521 1
    0.0000000000  0.0000000000  0.1971830986 1
    0.0000000000  0.0000000000  0.1901408451 1
    0.0000000000  0.0000000000  0.1830985915 1
    0.0000000000  0.0000000000  0.1760563380 1
    0.0000000000  0.0000000000  0.1690140845 1
    0.0000000000  0.0000000000  0.1619718310 1
    0.0000000000  0.0000000000  0.1549295775 1
    0.0000000000  0.0000000000  0.1478873239 1
    0.0000000000  0.0000000000  0.1408450704 1
    0.0000000000  0.0000000000  0.1338028169 1
    0.0000000000  0.0000000000  0.1267605634 1
    0.0000000000  0.0000000000  0.1197183099 1
    0.0000000000  0.0000000000  0.1126760563 1
    0.0000000000  0.0000000000  0.1056338028 1
    0.0000000000  0.0000000000  0.0985915493 1
    0.0000000000  0.0000000000  0.0915492958 1
    0.0000000000  0.0000000000  0.0845070423 1
    0.0000000000  0.0000000000  0.0774647887 1
    0.0000000000  0.0000000000  0.0704225352 1
    0.0000000000  0.0000000000  0.0633802817 1
    0.0000000000  0.0000000000  0.0563380282 1
    0.0000000000  0.0000000000  0.0492957746 1
    0.0000000000  0.0000000000  0.0422535211 1
    0.0000000000  0.0000000000  0.0352112676 1
    0.0000000000  0.0000000000  0.0281690141 1
    0.0000000000  0.0000000000  0.0211267606 1
    0.0000000000  0.0000000000  0.0140845070 1
    0.0000000000  0.0000000000  0.0070422535 1
    0.0000000000  0.0000000000  0.0000000000 1
    0.0028409091  0.0028409091  0.0028409091 1
    0.0056818182  0.0056818182  0.0056818182 1
    0.0085227273  0.0085227273  0.0085227273 1
    0.0113636364  0.0113636364  0.0113636364 1
    0.0142045455  0.0142045455  0.0142045455 1
    0.0170454545  0.0170454545  0.0170454545 1
    0.0198863636  0.0198863636  0.0198863636 1
    0.0227272727  0.0227272727  0.0227272727 1
    0.0255681818  0.0255681818  0.0255681818 1
    0.0284090909  0.0284090909  0.0284090909 1
    0.0312500000  0.0312500000  0.0312500000 1
    0.0340909091  0.0340909091  0.0340909091 1
    0.0369318182  0.0369318182  0.0369318182 1
    0.0397727273  0.0397727273  0.0397727273 1
    0.0426136364  0.0426136364  0.0426136364 1
    0.0454545455  0.0454545455  0.0454545455 1
    0.0482954545  0.0482954545  0.0482954545 1
    0.0511363636  0.0511363636  0.0511363636 1
    0.0539772727  0.0539772727  0.0539772727 1
    0.0568181818  0.0568181818  0.0568181818 1
    0.0596590909  0.0596590909  0.0596590909 1
    0.0625000000  0.0625000000  0.0625000000 1
    0.0653409091  0.0653409091  0.0653409091 1
    0.0681818182  0.0681818182  0.0681818182 1
    0.0710227273  0.0710227273  0.0710227273 1
    0.0738636364  0.0738636364  0.0738636364 1
    0.0767045455  0.0767045455  0.0767045455 1
    0.0795454545  0.0795454545  0.0795454545 1
    0.0823863636  0.0823863636  0.0823863636 1
    0.0852272727  0.0852272727  0.0852272727 1
    0.0880681818  0.0880681818  0.0880681818 1
    0.0909090909  0.0909090909  0.0909090909 1
    0.0937500000  0.0937500000  0.0937500000 1
    0.0965909091  0.0965909091  0.0965909091 1
    0.0994318182  0.0994318182  0.0994318182 1
    0.1022727273  0.1022727273  0.1022727273 1
    0.1051136364  0.1051136364  0.1051136364 1
    0.1079545455  0.1079545455  0.1079545455 1
    0.1107954545  0.1107954545  0.1107954545 1
    0.1136363636  0.1136363636  0.1136363636 1
    0.1164772727  0.1164772727  0.1164772727 1
    0.1193181818  0.1193181818  0.1193181818 1
    0.1221590909  0.1221590909  0.1221590909 1
    0.1250000000  0.1250000000  0.1250000000 1
    0.1278409091  0.1278409091  0.1278409091 1
    0.1306818182  0.1306818182  0.1306818182 1
    0.1335227273  0.1335227273  0.1335227273 1
    0.1363636364  0.1363636364  0.1363636364 1
    0.1392045455  0.1392045455  0.1392045455 1
    0.1420454545  0.1420454545  0.1420454545 1
    0.1448863636  0.1448863636  0.1448863636 1
    0.1477272727  0.1477272727  0.1477272727 1
    0.1505681818  0.1505681818  0.1505681818 1
    0.1534090909  0.1534090909  0.1534090909 1
    0.1562500000  0.1562500000  0.1562500000 1
    0.1590909091  0.1590909091  0.1590909091 1
    0.1619318182  0.1619318182  0.1619318182 1
    0.1647727273  0.1647727273  0.1647727273 1
    0.1676136364  0.1676136364  0.1676136364 1
    0.1704545455  0.1704545455  0.1704545455 1
    0.1732954545  0.1732954545  0.1732954545 1
    0.1761363636  0.1761363636  0.1761363636 1
    0.1789772727  0.1789772727  0.1789772727 1
    0.1818181818  0.1818181818  0.1818181818 1
    0.1846590909  0.1846590909  0.1846590909 1
    0.1875000000  0.1875000000  0.1875000000 1
    0.1903409091  0.1903409091  0.1903409091 1
    0.1931818182  0.1931818182  0.1931818182 1
    0.1960227273  0.1960227273  0.1960227273 1
    0.1988636364  0.1988636364  0.1988636364 1
    0.2017045455  0.2017045455  0.2017045455 1
    0.2045454545  0.2045454545  0.2045454545 1
    0.2073863636  0.2073863636  0.2073863636 1
    0.2102272727  0.2102272727  0.2102272727 1
    0.2130681818  0.2130681818  0.2130681818 1
    0.2159090909  0.2159090909  0.2159090909 1
    0.2187500000  0.2187500000  0.2187500000 1
    0.2215909091  0.2215909091  0.2215909091 1
    0.2244318182  0.2244318182  0.2244318182 1
    0.2272727273  0.2272727273  0.2272727273 1
    0.2301136364  0.2301136364  0.2301136364 1
    0.2329545455  0.2329545455  0.2329545455 1
    0.2357954545  0.2357954545  0.2357954545 1
    0.2386363636  0.2386363636  0.2386363636 1
    0.2414772727  0.2414772727  0.2414772727 1
    0.2443181818  0.2443181818  0.2443181818 1
    0.2471590909  0.2471590909  0.2471590909 1
    0.2500000000  0.2500000000  0.2500000000 1
    0.2528409091  0.2414772727  0.2528409091 1
    0.2556818182  0.2329545455  0.2556818182 1
    0.2585227273  0.2244318182  0.2585227273 1
    0.2613636364  0.2159090909  0.2613636364 1
    0.2642045455  0.2073863636  0.2642045455 1
    0.2670454545  0.1988636364  0.2670454545 1
    0.2698863636  0.1903409091  0.2698863636 1
    0.2727272727  0.1818181818  0.2727272727 1
    0.2755681818  0.1732954545  0.2755681818 1
    0.2784090909  0.1647727273  0.2784090909 1
    0.2812500000  0.1562500000  0.2812500000 1
    0.2840909091  0.1477272727  0.2840909091 1
    0.2869318182  0.1392045455  0.2869318182 1
    0.2897727273  0.1306818182  0.2897727273 1
    0.2926136364  0.1221590909  0.2926136364 1
    0.2954545455  0.1136363636  0.2954545455 1
    0.2982954545  0.1051136364  0.2982954545 1
    0.3011363636  0.0965909091  0.3011363636 1
    0.3039772727  0.0880681818  0.3039772727 1
    0.3068181818  0.0795454545  0.3068181818 1
    0.3096590909  0.0710227273  0.3096590909 1
    0.3125000000  0.0625000000  0.3125000000 1
    0.3153409091  0.0539772727  0.3153409091 1
    0.3181818182  0.0454545455  0.3181818182 1
    0.3210227273  0.0369318182  0.3210227273 1
    0.3238636364  0.0284090909  0.3238636364 1
    0.3267045455  0.0198863636  0.3267045455 1
    0.3295454545  0.0113636364  0.3295454545 1
    0.3323863636  0.0028409091  0.3323863636 1
    0.3352272727  -0.0056818182  0.3352272727 1
    0.3380681818  -0.0142045455  0.3380681818 1
    0.3409090909  -0.0227272727  0.3409090909 1
    0.3437500000  -0.0312500000  0.3437500000 1
    0.3465909091  -0.0397727273  0.3465909091 1
    0.3494318182  -0.0482954545  0.3494318182 1
    0.3522727273  -0.0568181818  0.3522727273 1
    0.3551136364  -0.0653409091  0.3551136364 1
    0.3579545455  -0.0738636364  0.3579545455 1
    0.3607954545  -0.0823863636  0.3607954545 1
    0.3636363636  -0.0909090909  0.3636363636 1
    0.3664772727  -0.0994318182  0.3664772727 1
    0.3693181818  -0.1079545455  0.3693181818 1
    0.3721590909  -0.1164772727  0.3721590909 1
    0.3750000000  -0.1250000000  0.3750000000 1
    0.3778409091  -0.1335227273  0.3778409091 1
    0.3806818182  -0.1420454545  0.3806818182 1
    0.3835227273  -0.1505681818  0.3835227273 1
    0.3863636364  -0.1590909091  0.3863636364 1
    0.3892045455  -0.1676136364  0.3892045455 1
    0.3920454545  -0.1761363636  0.3920454545 1
    0.3948863636  -0.1846590909  0.3948863636 1
    0.3977272727  -0.1931818182  0.3977272727 1
    0.4005681818  -0.2017045455  0.4005681818 1
    0.4034090909  -0.2102272727  0.4034090909 1
    0.4062500000  -0.2187500000  0.4062500000 1
    0.4090909091  -0.2272727273  0.4090909091 1
    0.4119318182  -0.2357954545  0.4119318182 1
    0.4147727273  -0.2443181818  0.4147727273 1
    0.4176136364  -0.2528409091  0.4176136364 1
    0.4204545455  -0.2613636364  0.4204545455 1
    0.4232954545  -0.2698863636  0.4232954545 1
    0.4261363636  -0.2784090909  0.4261363636 1
    0.4289772727  -0.2869318182  0.4289772727 1
    0.4318181818  -0.2954545455  0.4318181818 1
    0.4346590909  -0.3039772727  0.4346590909 1
    0.4375000000  -0.3125000000  0.4375000000 1
    0.4403409091  -0.3210227273  0.4403409091 1
    0.4431818182  -0.3295454545  0.4431818182 1
    0.4460227273  -0.3380681818  0.4460227273 1
    0.4488636364  -0.3465909091  0.4488636364 1
    0.4517045455  -0.3551136364  0.4517045455 1
    0.4545454545  -0.3636363636  0.4545454545 1
    0.4573863636  -0.3721590909  0.4573863636 1
    0.4602272727  -0.3806818182  0.4602272727 1
    0.4630681818  -0.3892045455  0.4630681818 1
    0.4659090909  -0.3977272727  0.4659090909 1
    0.4687500000  -0.4062500000  0.4687500000 1
    0.4715909091  -0.4147727273  0.4715909091 1
    0.4744318182  -0.4232954545  0.4744318182 1
    0.4772727273  -0.4318181818  0.4772727273 1
    0.4801136364  -0.4403409091  0.4801136364 1
    0.4829545455  -0.4488636364  0.4829545455 1
    0.4857954545  -0.4573863636  0.4857954545 1
    0.4886363636  -0.4659090909  0.4886363636 1
    0.4914772727  -0.4744318182  0.4914772727 1
    0.4943181818  -0.4829545455  0.4943181818 1
    0.4971590909  -0.4914772727  0.4971590909 1
    0.5000000000  -0.5000000000  0.5000000000 1
