&input
 flfrc='nbti.777.fc',
 q_in_cryst_coord=.TRUE.,
 asr='simple',
 flfrq='nbti.freq',
/
744
    0.0000000000  0.0000000000  0.0000000000 1
    0.0000000000  0.0044247788  0.0000000000 1
    0.0000000000  0.0088495575  0.0000000000 1
    0.0000000000  0.0132743363  0.0000000000 1
    0.0000000000  0.0176991150  0.0000000000 1
    0.0000000000  0.0221238938  0.0000000000 1
    0.0000000000  0.0265486726  0.0000000000 1
    0.0000000000  0.0309734513  0.0000000000 1
    0.0000000000  0.0353982301  0.0000000000 1
    0.0000000000  0.0398230088  0.0000000000 1
    0.0000000000  0.0442477876  0.0000000000 1
    0.0000000000  0.0486725664  0.0000000000 1
    0.0000000000  0.0530973451  0.0000000000 1
    0.0000000000  0.0575221239  0.0000000000 1
    0.0000000000  0.0619469027  0.0000000000 1
    0.0000000000  0.0663716814  0.0000000000 1
    0.0000000000  0.0707964602  0.0000000000 1
    0.0000000000  0.0752212389  0.0000000000 1
    0.0000000000  0.0796460177  0.0000000000 1
    0.0000000000  0.0840707965  0.0000000000 1
    0.0000000000  0.0884955752  0.0000000000 1
    0.0000000000  0.0929203540  0.0000000000 1
    0.0000000000  0.0973451327  0.0000000000 1
    0.0000000000  0.1017699115  0.0000000000 1
    0.0000000000  0.1061946903  0.0000000000 1
    0.0000000000  0.1106194690  0.0000000000 1
    0.0000000000  0.1150442478  0.0000000000 1
    0.0000000000  0.1194690265  0.0000000000 1
    0.0000000000  0.1238938053  0.0000000000 1
    0.0000000000  0.1283185841  0.0000000000 1
    0.0000000000  0.1327433628  0.0000000000 1
    0.0000000000  0.1371681416  0.0000000000 1
    0.0000000000  0.1415929204  0.0000000000 1
    0.0000000000  0.1460176991  0.0000000000 1
    0.0000000000  0.1504424779  0.0000000000 1
    0.0000000000  0.1548672566  0.0000000000 1
    0.0000000000  0.1592920354  0.0000000000 1
    0.0000000000  0.1637168142  0.0000000000 1
    0.0000000000  0.1681415929  0.0000000000 1
    0.0000000000  0.1725663717  0.0000000000 1
    0.0000000000  0.1769911504  0.0000000000 1
    0.0000000000  0.1814159292  0.0000000000 1
    0.0000000000  0.1858407080  0.0000000000 1
    0.0000000000  0.1902654867  0.0000000000 1
    0.0000000000  0.1946902655  0.0000000000 1
    0.0000000000  0.1991150442  0.0000000000 1
    0.0000000000  0.2035398230  0.0000000000 1
    0.0000000000  0.2079646018  0.0000000000 1
    0.0000000000  0.2123893805  0.0000000000 1
    0.0000000000  0.2168141593  0.0000000000 1
    0.0000000000  0.2212389381  0.0000000000 1
    0.0000000000  0.2256637168  0.0000000000 1
    0.0000000000  0.2300884956  0.0000000000 1
    0.0000000000  0.2345132743  0.0000000000 1
    0.0000000000  0.2389380531  0.0000000000 1
    0.0000000000  0.2433628319  0.0000000000 1
    0.0000000000  0.2477876106  0.0000000000 1
    0.0000000000  0.2522123894  0.0000000000 1
    0.0000000000  0.2566371681  0.0000000000 1
    0.0000000000  0.2610619469  0.0000000000 1
    0.0000000000  0.2654867257  0.0000000000 1
    0.0000000000  0.2699115044  0.0000000000 1
    0.0000000000  0.2743362832  0.0000000000 1
    0.0000000000  0.2787610619  0.0000000000 1
    0.0000000000  0.2831858407  0.0000000000 1
    0.0000000000  0.2876106195  0.0000000000 1
    0.0000000000  0.2920353982  0.0000000000 1
    0.0000000000  0.2964601770  0.0000000000 1
    0.0000000000  0.3008849558  0.0000000000 1
    0.0000000000  0.3053097345  0.0000000000 1
    0.0000000000  0.3097345133  0.0000000000 1
    0.0000000000  0.3141592920  0.0000000000 1
    0.0000000000  0.3185840708  0.0000000000 1
    0.0000000000  0.3230088496  0.0000000000 1
    0.0000000000  0.3274336283  0.0000000000 1
    0.0000000000  0.3318584071  0.0000000000 1
    0.0000000000  0.3362831858  0.0000000000 1
    0.0000000000  0.3407079646  0.0000000000 1
    0.0000000000  0.3451327434  0.0000000000 1
    0.0000000000  0.3495575221  0.0000000000 1
    0.0000000000  0.3539823009  0.0000000000 1
    0.0000000000  0.3584070796  0.0000000000 1
    0.0000000000  0.3628318584  0.0000000000 1
    0.0000000000  0.3672566372  0.0000000000 1
    0.0000000000  0.3716814159  0.0000000000 1
    0.0000000000  0.3761061947  0.0000000000 1
    0.0000000000  0.3805309735  0.0000000000 1
    0.0000000000  0.3849557522  0.0000000000 1
    0.0000000000  0.3893805310  0.0000000000 1
    0.0000000000  0.3938053097  0.0000000000 1
    0.0000000000  0.3982300885  0.0000000000 1
    0.0000000000  0.4026548673  0.0000000000 1
    0.0000000000  0.4070796460  0.0000000000 1
    0.0000000000  0.4115044248  0.0000000000 1
    0.0000000000  0.4159292035  0.0000000000 1
    0.0000000000  0.4203539823  0.0000000000 1
    0.0000000000  0.4247787611  0.0000000000 1
    0.0000000000  0.4292035398  0.0000000000 1
    0.0000000000  0.4336283186  0.0000000000 1
    0.0000000000  0.4380530973  0.0000000000 1
    0.0000000000  0.4424778761  0.0000000000 1
    0.0000000000  0.4469026549  0.0000000000 1
    0.0000000000  0.4513274336  0.0000000000 1
    0.0000000000  0.4557522124  0.0000000000 1
    0.0000000000  0.4601769912  0.0000000000 1
    0.0000000000  0.4646017699  0.0000000000 1
    0.0000000000  0.4690265487  0.0000000000 1
    0.0000000000  0.4734513274  0.0000000000 1
    0.0000000000  0.4778761062  0.0000000000 1
    0.0000000000  0.4823008850  0.0000000000 1
    0.0000000000  0.4867256637  0.0000000000 1
    0.0000000000  0.4911504425  0.0000000000 1
    0.0000000000  0.4955752212  0.0000000000 1
    0.0000000000  0.5000000000  0.0000000000 1
    0.0044247788  0.5000000000  0.0000000000 1
    0.0088495575  0.5000000000  0.0000000000 1
    0.0132743363  0.5000000000  0.0000000000 1
    0.0176991150  0.5000000000  0.0000000000 1
    0.0221238938  0.5000000000  0.0000000000 1
    0.0265486726  0.5000000000  0.0000000000 1
    0.0309734513  0.5000000000  0.0000000000 1
    0.0353982301  0.5000000000  0.0000000000 1
    0.0398230088  0.5000000000  0.0000000000 1
    0.0442477876  0.5000000000  0.0000000000 1
    0.0486725664  0.5000000000  0.0000000000 1
    0.0530973451  0.5000000000  0.0000000000 1
    0.0575221239  0.5000000000  0.0000000000 1
    0.0619469027  0.5000000000  0.0000000000 1
    0.0663716814  0.5000000000  0.0000000000 1
    0.0707964602  0.5000000000  0.0000000000 1
    0.0752212389  0.5000000000  0.0000000000 1
    0.0796460177  0.5000000000  0.0000000000 1
    0.0840707965  0.5000000000  0.0000000000 1
    0.0884955752  0.5000000000  0.0000000000 1
    0.0929203540  0.5000000000  0.0000000000 1
    0.0973451327  0.5000000000  0.0000000000 1
    0.1017699115  0.5000000000  0.0000000000 1
    0.1061946903  0.5000000000  0.0000000000 1
    0.1106194690  0.5000000000  0.0000000000 1
    0.1150442478  0.5000000000  0.0000000000 1
    0.1194690265  0.5000000000  0.0000000000 1
    0.1238938053  0.5000000000  0.0000000000 1
    0.1283185841  0.5000000000  0.0000000000 1
    0.1327433628  0.5000000000  0.0000000000 1
    0.1371681416  0.5000000000  0.0000000000 1
    0.1415929204  0.5000000000  0.0000000000 1
    0.1460176991  0.5000000000  0.0000000000 1
    0.1504424779  0.5000000000  0.0000000000 1
    0.1548672566  0.5000000000  0.0000000000 1
    0.1592920354  0.5000000000  0.0000000000 1
    0.1637168142  0.5000000000  0.0000000000 1
    0.1681415929  0.5000000000  0.0000000000 1
    0.1725663717  0.5000000000  0.0000000000 1
    0.1769911504  0.5000000000  0.0000000000 1
    0.1814159292  0.5000000000  0.0000000000 1
    0.1858407080  0.5000000000  0.0000000000 1
    0.1902654867  0.5000000000  0.0000000000 1
    0.1946902655  0.5000000000  0.0000000000 1
    0.1991150442  0.5000000000  0.0000000000 1
    0.2035398230  0.5000000000  0.0000000000 1
    0.2079646018  0.5000000000  0.0000000000 1
    0.2123893805  0.5000000000  0.0000000000 1
    0.2168141593  0.5000000000  0.0000000000 1
    0.2212389381  0.5000000000  0.0000000000 1
    0.2256637168  0.5000000000  0.0000000000 1
    0.2300884956  0.5000000000  0.0000000000 1
    0.2345132743  0.5000000000  0.0000000000 1
    0.2389380531  0.5000000000  0.0000000000 1
    0.2433628319  0.5000000000  0.0000000000 1
    0.2477876106  0.5000000000  0.0000000000 1
    0.2522123894  0.5000000000  0.0000000000 1
    0.2566371681  0.5000000000  0.0000000000 1
    0.2610619469  0.5000000000  0.0000000000 1
    0.2654867257  0.5000000000  0.0000000000 1
    0.2699115044  0.5000000000  0.0000000000 1
    0.2743362832  0.5000000000  0.0000000000 1
    0.2787610619  0.5000000000  0.0000000000 1
    0.2831858407  0.5000000000  0.0000000000 1
    0.2876106195  0.5000000000  0.0000000000 1
    0.2920353982  0.5000000000  0.0000000000 1
    0.2964601770  0.5000000000  0.0000000000 1
    0.3008849558  0.5000000000  0.0000000000 1
    0.3053097345  0.5000000000  0.0000000000 1
    0.3097345133  0.5000000000  0.0000000000 1
    0.3141592920  0.5000000000  0.0000000000 1
    0.3185840708  0.5000000000  0.0000000000 1
    0.3230088496  0.5000000000  0.0000000000 1
    0.3274336283  0.5000000000  0.0000000000 1
    0.3318584071  0.5000000000  0.0000000000 1
    0.3362831858  0.5000000000  0.0000000000 1
    0.3407079646  0.5000000000  0.0000000000 1
    0.3451327434  0.5000000000  0.0000000000 1
    0.3495575221  0.5000000000  0.0000000000 1
    0.3539823009  0.5000000000  0.0000000000 1
    0.3584070796  0.5000000000  0.0000000000 1
    0.3628318584  0.5000000000  0.0000000000 1
    0.3672566372  0.5000000000  0.0000000000 1
    0.3716814159  0.5000000000  0.0000000000 1
    0.3761061947  0.5000000000  0.0000000000 1
    0.3805309735  0.5000000000  0.0000000000 1
    0.3849557522  0.5000000000  0.0000000000 1
    0.3893805310  0.5000000000  0.0000000000 1
    0.3938053097  0.5000000000  0.0000000000 1
    0.3982300885  0.5000000000  0.0000000000 1
    0.4026548673  0.5000000000  0.0000000000 1
    0.4070796460  0.5000000000  0.0000000000 1
    0.4115044248  0.5000000000  0.0000000000 1
    0.4159292035  0.5000000000  0.0000000000 1
    0.4203539823  0.5000000000  0.0000000000 1
    0.4247787611  0.5000000000  0.0000000000 1
    0.4292035398  0.5000000000  0.0000000000 1
    0.4336283186  0.5000000000  0.0000000000 1
    0.4380530973  0.5000000000  0.0000000000 1
    0.4424778761  0.5000000000  0.0000000000 1
    0.4469026549  0.5000000000  0.0000000000 1
    0.4513274336  0.5000000000  0.0000000000 1
    0.4557522124  0.5000000000  0.0000000000 1
    0.4601769912  0.5000000000  0.0000000000 1
    0.4646017699  0.5000000000  0.0000000000 1
    0.4690265487  0.5000000000  0.0000000000 1
    0.4734513274  0.5000000000  0.0000000000 1
    0.4778761062  0.5000000000  0.0000000000 1
    0.4823008850  0.5000000000  0.0000000000 1
    0.4867256637  0.5000000000  0.0000000000 1
    0.4911504425  0.5000000000  0.0000000000 1
    0.4955752212  0.5000000000  0.0000000000 1
    0.5000000000  0.5000000000  0.0000000000 1
    0.4968750000  0.4968750000  0.0000000000 1
    0.4937500000  0.4937500000  0.0000000000 1
    0.4906250000  0.4906250000  0.0000000000 1
    0.4875000000  0.4875000000  0.0000000000 1
    0.4843750000  0.4843750000  0.0000000000 1
    0.4812500000  0.4812500000  0.0000000000 1
    0.4781250000  0.4781250000  0.0000000000 1
    0.4750000000  0.4750000000  0.0000000000 1
    0.4718750000  0.4718750000  0.0000000000 1
    0.4687500000  0.4687500000  0.0000000000 1
    0.4656250000  0.4656250000  0.0000000000 1
    0.4625000000  0.4625000000  0.0000000000 1
    0.4593750000  0.4593750000  0.0000000000 1
    0.4562500000  0.4562500000  0.0000000000 1
    0.4531250000  0.4531250000  0.0000000000 1
    0.4500000000  0.4500000000  0.0000000000 1
    0.4468750000  0.4468750000  0.0000000000 1
    0.4437500000  0.4437500000  0.0000000000 1
    0.4406250000  0.4406250000  0.0000000000 1
    0.4375000000  0.4375000000  0.0000000000 1
    0.4343750000  0.4343750000  0.0000000000 1
    0.4312500000  0.4312500000  0.0000000000 1
    0.4281250000  0.4281250000  0.0000000000 1
    0.4250000000  0.4250000000  0.0000000000 1
    0.4218750000  0.4218750000  0.0000000000 1
    0.4187500000  0.4187500000  0.0000000000 1
    0.4156250000  0.4156250000  0.0000000000 1
    0.4125000000  0.4125000000  0.0000000000 1
    0.4093750000  0.4093750000  0.0000000000 1
    0.4062500000  0.4062500000  0.0000000000 1
    0.4031250000  0.4031250000  0.0000000000 1
    0.4000000000  0.4000000000  0.0000000000 1
    0.3968750000  0.3968750000  0.0000000000 1
    0.3937500000  0.3937500000  0.0000000000 1
    0.3906250000  0.3906250000  0.0000000000 1
    0.3875000000  0.3875000000  0.0000000000 1
    0.3843750000  0.3843750000  0.0000000000 1
    0.3812500000  0.3812500000  0.0000000000 1
    0.3781250000  0.3781250000  0.0000000000 1
    0.3750000000  0.3750000000  0.0000000000 1
    0.3718750000  0.3718750000  0.0000000000 1
    0.3687500000  0.3687500000  0.0000000000 1
    0.3656250000  0.3656250000  0.0000000000 1
    0.3625000000  0.3625000000  0.0000000000 1
    0.3593750000  0.3593750000  0.0000000000 1
    0.3562500000  0.3562500000  0.0000000000 1
    0.3531250000  0.3531250000  0.0000000000 1
    0.3500000000  0.3500000000  0.0000000000 1
    0.3468750000  0.3468750000  0.0000000000 1
    0.3437500000  0.3437500000  0.0000000000 1
    0.3406250000  0.3406250000  0.0000000000 1
    0.3375000000  0.3375000000  0.0000000000 1
    0.3343750000  0.3343750000  0.0000000000 1
    0.3312500000  0.3312500000  0.0000000000 1
    0.3281250000  0.3281250000  0.0000000000 1
    0.3250000000  0.3250000000  0.0000000000 1
    0.3218750000  0.3218750000  0.0000000000 1
    0.3187500000  0.3187500000  0.0000000000 1
    0.3156250000  0.3156250000  0.0000000000 1
    0.3125000000  0.3125000000  0.0000000000 1
    0.3093750000  0.3093750000  0.0000000000 1
    0.3062500000  0.3062500000  0.0000000000 1
    0.3031250000  0.3031250000  0.0000000000 1
    0.3000000000  0.3000000000  0.0000000000 1
    0.2968750000  0.2968750000  0.0000000000 1
    0.2937500000  0.2937500000  0.0000000000 1
    0.2906250000  0.2906250000  0.0000000000 1
    0.2875000000  0.2875000000  0.0000000000 1
    0.2843750000  0.2843750000  0.0000000000 1
    0.2812500000  0.2812500000  0.0000000000 1
    0.2781250000  0.2781250000  0.0000000000 1
    0.2750000000  0.2750000000  0.0000000000 1
    0.2718750000  0.2718750000  0.0000000000 1
    0.2687500000  0.2687500000  0.0000000000 1
    0.2656250000  0.2656250000  0.0000000000 1
    0.2625000000  0.2625000000  0.0000000000 1
    0.2593750000  0.2593750000  0.0000000000 1
    0.2562500000  0.2562500000  0.0000000000 1
    0.2531250000  0.2531250000  0.0000000000 1
    0.2500000000  0.2500000000  0.0000000000 1
    0.2468750000  0.2468750000  0.0000000000 1
    0.2437500000  0.2437500000  0.0000000000 1
    0.2406250000  0.2406250000  0.0000000000 1
    0.2375000000  0.2375000000  0.0000000000 1
    0.2343750000  0.2343750000  0.0000000000 1
    0.2312500000  0.2312500000  0.0000000000 1
    0.2281250000  0.2281250000  0.0000000000 1
    0.2250000000  0.2250000000  0.0000000000 1
    0.2218750000  0.2218750000  0.0000000000 1
    0.2187500000  0.2187500000  0.0000000000 1
    0.2156250000  0.2156250000  0.0000000000 1
    0.2125000000  0.2125000000  0.0000000000 1
    0.2093750000  0.2093750000  0.0000000000 1
    0.2062500000  0.2062500000  0.0000000000 1
    0.2031250000  0.2031250000  0.0000000000 1
    0.2000000000  0.2000000000  0.0000000000 1
    0.1968750000  0.1968750000  0.0000000000 1
    0.1937500000  0.1937500000  0.0000000000 1
    0.1906250000  0.1906250000  0.0000000000 1
    0.1875000000  0.1875000000  0.0000000000 1
    0.1843750000  0.1843750000  0.0000000000 1
    0.1812500000  0.1812500000  0.0000000000 1
    0.1781250000  0.1781250000  0.0000000000 1
    0.1750000000  0.1750000000  0.0000000000 1
    0.1718750000  0.1718750000  0.0000000000 1
    0.1687500000  0.1687500000  0.0000000000 1
    0.1656250000  0.1656250000  0.0000000000 1
    0.1625000000  0.1625000000  0.0000000000 1
    0.1593750000  0.1593750000  0.0000000000 1
    0.1562500000  0.1562500000  0.0000000000 1
    0.1531250000  0.1531250000  0.0000000000 1
    0.1500000000  0.1500000000  0.0000000000 1
    0.1468750000  0.1468750000  0.0000000000 1
    0.1437500000  0.1437500000  0.0000000000 1
    0.1406250000  0.1406250000  0.0000000000 1
    0.1375000000  0.1375000000  0.0000000000 1
    0.1343750000  0.1343750000  0.0000000000 1
    0.1312500000  0.1312500000  0.0000000000 1
    0.1281250000  0.1281250000  0.0000000000 1
    0.1250000000  0.1250000000  0.0000000000 1
    0.1218750000  0.1218750000  0.0000000000 1
    0.1187500000  0.1187500000  0.0000000000 1
    0.1156250000  0.1156250000  0.0000000000 1
    0.1125000000  0.1125000000  0.0000000000 1
    0.1093750000  0.1093750000  0.0000000000 1
    0.1062500000  0.1062500000  0.0000000000 1
    0.1031250000  0.1031250000  0.0000000000 1
    0.1000000000  0.1000000000  0.0000000000 1
    0.0968750000  0.0968750000  0.0000000000 1
    0.0937500000  0.0937500000  0.0000000000 1
    0.0906250000  0.0906250000  0.0000000000 1
    0.0875000000  0.0875000000  0.0000000000 1
    0.0843750000  0.0843750000  0.0000000000 1
    0.0812500000  0.0812500000  0.0000000000 1
    0.0781250000  0.0781250000  0.0000000000 1
    0.0750000000  0.0750000000  0.0000000000 1
    0.0718750000  0.0718750000  0.0000000000 1
    0.0687500000  0.0687500000  0.0000000000 1
    0.0656250000  0.0656250000  0.0000000000 1
    0.0625000000  0.0625000000  0.0000000000 1
    0.0593750000  0.0593750000  0.0000000000 1
    0.0562500000  0.0562500000  0.0000000000 1
    0.0531250000  0.0531250000  0.0000000000 1
    0.0500000000  0.0500000000  0.0000000000 1
    0.0468750000  0.0468750000  0.0000000000 1
    0.0437500000  0.0437500000  0.0000000000 1
    0.0406250000  0.0406250000  0.0000000000 1
    0.0375000000  0.0375000000  0.0000000000 1
    0.0343750000  0.0343750000  0.0000000000 1
    0.0312500000  0.0312500000  0.0000000000 1
    0.0281250000  0.0281250000  0.0000000000 1
    0.0250000000  0.0250000000  0.0000000000 1
    0.0218750000  0.0218750000  0.0000000000 1
    0.0187500000  0.0187500000  0.0000000000 1
    0.0156250000  0.0156250000  0.0000000000 1
    0.0125000000  0.0125000000  0.0000000000 1
    0.0093750000  0.0093750000  0.0000000000 1
    0.0062500000  0.0062500000  0.0000000000 1
    0.0031250000  0.0031250000  0.0000000000 1
    0.0000000000  0.0000000000  0.0000000000 1
    0.0025380711  0.0025380711  0.0025380711 1
    0.0050761421  0.0050761421  0.0050761421 1
    0.0076142132  0.0076142132  0.0076142132 1
    0.0101522843  0.0101522843  0.0101522843 1
    0.0126903553  0.0126903553  0.0126903553 1
    0.0152284264  0.0152284264  0.0152284264 1
    0.0177664975  0.0177664975  0.0177664975 1
    0.0203045685  0.0203045685  0.0203045685 1
    0.0228426396  0.0228426396  0.0228426396 1
    0.0253807107  0.0253807107  0.0253807107 1
    0.0279187817  0.0279187817  0.0279187817 1
    0.0304568528  0.0304568528  0.0304568528 1
    0.0329949239  0.0329949239  0.0329949239 1
    0.0355329949  0.0355329949  0.0355329949 1
    0.0380710660  0.0380710660  0.0380710660 1
    0.0406091371  0.0406091371  0.0406091371 1
    0.0431472081  0.0431472081  0.0431472081 1
    0.0456852792  0.0456852792  0.0456852792 1
    0.0482233503  0.0482233503  0.0482233503 1
    0.0507614213  0.0507614213  0.0507614213 1
    0.0532994924  0.0532994924  0.0532994924 1
    0.0558375635  0.0558375635  0.0558375635 1
    0.0583756345  0.0583756345  0.0583756345 1
    0.0609137056  0.0609137056  0.0609137056 1
    0.0634517766  0.0634517766  0.0634517766 1
    0.0659898477  0.0659898477  0.0659898477 1
    0.0685279188  0.0685279188  0.0685279188 1
    0.0710659898  0.0710659898  0.0710659898 1
    0.0736040609  0.0736040609  0.0736040609 1
    0.0761421320  0.0761421320  0.0761421320 1
    0.0786802030  0.0786802030  0.0786802030 1
    0.0812182741  0.0812182741  0.0812182741 1
    0.0837563452  0.0837563452  0.0837563452 1
    0.0862944162  0.0862944162  0.0862944162 1
    0.0888324873  0.0888324873  0.0888324873 1
    0.0913705584  0.0913705584  0.0913705584 1
    0.0939086294  0.0939086294  0.0939086294 1
    0.0964467005  0.0964467005  0.0964467005 1
    0.0989847716  0.0989847716  0.0989847716 1
    0.1015228426  0.1015228426  0.1015228426 1
    0.1040609137  0.1040609137  0.1040609137 1
    0.1065989848  0.1065989848  0.1065989848 1
    0.1091370558  0.1091370558  0.1091370558 1
    0.1116751269  0.1116751269  0.1116751269 1
    0.1142131980  0.1142131980  0.1142131980 1
    0.1167512690  0.1167512690  0.1167512690 1
    0.1192893401  0.1192893401  0.1192893401 1
    0.1218274112  0.1218274112  0.1218274112 1
    0.1243654822  0.1243654822  0.1243654822 1
    0.1269035533  0.1269035533  0.1269035533 1
    0.1294416244  0.1294416244  0.1294416244 1
    0.1319796954  0.1319796954  0.1319796954 1
    0.1345177665  0.1345177665  0.1345177665 1
    0.1370558376  0.1370558376  0.1370558376 1
    0.1395939086  0.1395939086  0.1395939086 1
    0.1421319797  0.1421319797  0.1421319797 1
    0.1446700508  0.1446700508  0.1446700508 1
    0.1472081218  0.1472081218  0.1472081218 1
    0.1497461929  0.1497461929  0.1497461929 1
    0.1522842640  0.1522842640  0.1522842640 1
    0.1548223350  0.1548223350  0.1548223350 1
    0.1573604061  0.1573604061  0.1573604061 1
    0.1598984772  0.1598984772  0.1598984772 1
    0.1624365482  0.1624365482  0.1624365482 1
    0.1649746193  0.1649746193  0.1649746193 1
    0.1675126904  0.1675126904  0.1675126904 1
    0.1700507614  0.1700507614  0.1700507614 1
    0.1725888325  0.1725888325  0.1725888325 1
    0.1751269036  0.1751269036  0.1751269036 1
    0.1776649746  0.1776649746  0.1776649746 1
    0.1802030457  0.1802030457  0.1802030457 1
    0.1827411168  0.1827411168  0.1827411168 1
    0.1852791878  0.1852791878  0.1852791878 1
    0.1878172589  0.1878172589  0.1878172589 1
    0.1903553299  0.1903553299  0.1903553299 1
    0.1928934010  0.1928934010  0.1928934010 1
    0.1954314721  0.1954314721  0.1954314721 1
    0.1979695431  0.1979695431  0.1979695431 1
    0.2005076142  0.2005076142  0.2005076142 1
    0.2030456853  0.2030456853  0.2030456853 1
    0.2055837563  0.2055837563  0.2055837563 1
    0.2081218274  0.2081218274  0.2081218274 1
    0.2106598985  0.2106598985  0.2106598985 1
    0.2131979695  0.2131979695  0.2131979695 1
    0.2157360406  0.2157360406  0.2157360406 1
    0.2182741117  0.2182741117  0.2182741117 1
    0.2208121827  0.2208121827  0.2208121827 1
    0.2233502538  0.2233502538  0.2233502538 1
    0.2258883249  0.2258883249  0.2258883249 1
    0.2284263959  0.2284263959  0.2284263959 1
    0.2309644670  0.2309644670  0.2309644670 1
    0.2335025381  0.2335025381  0.2335025381 1
    0.2360406091  0.2360406091  0.2360406091 1
    0.2385786802  0.2385786802  0.2385786802 1
    0.2411167513  0.2411167513  0.2411167513 1
    0.2436548223  0.2436548223  0.2436548223 1
    0.2461928934  0.2461928934  0.2461928934 1
    0.2487309645  0.2487309645  0.2487309645 1
    0.2512690355  0.2512690355  0.2512690355 1
    0.2538071066  0.2538071066  0.2538071066 1
    0.2563451777  0.2563451777  0.2563451777 1
    0.2588832487  0.2588832487  0.2588832487 1
    0.2614213198  0.2614213198  0.2614213198 1
    0.2639593909  0.2639593909  0.2639593909 1
    0.2664974619  0.2664974619  0.2664974619 1
    0.2690355330  0.2690355330  0.2690355330 1
    0.2715736041  0.2715736041  0.2715736041 1
    0.2741116751  0.2741116751  0.2741116751 1
    0.2766497462  0.2766497462  0.2766497462 1
    0.2791878173  0.2791878173  0.2791878173 1
    0.2817258883  0.2817258883  0.2817258883 1
    0.2842639594  0.2842639594  0.2842639594 1
    0.2868020305  0.2868020305  0.2868020305 1
    0.2893401015  0.2893401015  0.2893401015 1
    0.2918781726  0.2918781726  0.2918781726 1
    0.2944162437  0.2944162437  0.2944162437 1
    0.2969543147  0.2969543147  0.2969543147 1
    0.2994923858  0.2994923858  0.2994923858 1
    0.3020304569  0.3020304569  0.3020304569 1
    0.3045685279  0.3045685279  0.3045685279 1
    0.3071065990  0.3071065990  0.3071065990 1
    0.3096446701  0.3096446701  0.3096446701 1
    0.3121827411  0.3121827411  0.3121827411 1
    0.3147208122  0.3147208122  0.3147208122 1
    0.3172588832  0.3172588832  0.3172588832 1
    0.3197969543  0.3197969543  0.3197969543 1
    0.3223350254  0.3223350254  0.3223350254 1
    0.3248730964  0.3248730964  0.3248730964 1
    0.3274111675  0.3274111675  0.3274111675 1
    0.3299492386  0.3299492386  0.3299492386 1
    0.3324873096  0.3324873096  0.3324873096 1
    0.3350253807  0.3350253807  0.3350253807 1
    0.3375634518  0.3375634518  0.3375634518 1
    0.3401015228  0.3401015228  0.3401015228 1
    0.3426395939  0.3426395939  0.3426395939 1
    0.3451776650  0.3451776650  0.3451776650 1
    0.3477157360  0.3477157360  0.3477157360 1
    0.3502538071  0.3502538071  0.3502538071 1
    0.3527918782  0.3527918782  0.3527918782 1
    0.3553299492  0.3553299492  0.3553299492 1
    0.3578680203  0.3578680203  0.3578680203 1
    0.3604060914  0.3604060914  0.3604060914 1
    0.3629441624  0.3629441624  0.3629441624 1
    0.3654822335  0.3654822335  0.3654822335 1
    0.3680203046  0.3680203046  0.3680203046 1
    0.3705583756  0.3705583756  0.3705583756 1
    0.3730964467  0.3730964467  0.3730964467 1
    0.3756345178  0.3756345178  0.3756345178 1
    0.3781725888  0.3781725888  0.3781725888 1
    0.3807106599  0.3807106599  0.3807106599 1
    0.3832487310  0.3832487310  0.3832487310 1
    0.3857868020  0.3857868020  0.3857868020 1
    0.3883248731  0.3883248731  0.3883248731 1
    0.3908629442  0.3908629442  0.3908629442 1
    0.3934010152  0.3934010152  0.3934010152 1
    0.3959390863  0.3959390863  0.3959390863 1
    0.3984771574  0.3984771574  0.3984771574 1
    0.4010152284  0.4010152284  0.4010152284 1
    0.4035532995  0.4035532995  0.4035532995 1
    0.4060913706  0.4060913706  0.4060913706 1
    0.4086294416  0.4086294416  0.4086294416 1
    0.4111675127  0.4111675127  0.4111675127 1
    0.4137055838  0.4137055838  0.4137055838 1
    0.4162436548  0.4162436548  0.4162436548 1
    0.4187817259  0.4187817259  0.4187817259 1
    0.4213197970  0.4213197970  0.4213197970 1
    0.4238578680  0.4238578680  0.4238578680 1
    0.4263959391  0.4263959391  0.4263959391 1
    0.4289340102  0.4289340102  0.4289340102 1
    0.4314720812  0.4314720812  0.4314720812 1
    0.4340101523  0.4340101523  0.4340101523 1
    0.4365482234  0.4365482234  0.4365482234 1
    0.4390862944  0.4390862944  0.4390862944 1
    0.4416243655  0.4416243655  0.4416243655 1
    0.4441624365  0.4441624365  0.4441624365 1
    0.4467005076  0.4467005076  0.4467005076 1
    0.4492385787  0.4492385787  0.4492385787 1
    0.4517766497  0.4517766497  0.4517766497 1
    0.4543147208  0.4543147208  0.4543147208 1
    0.4568527919  0.4568527919  0.4568527919 1
    0.4593908629  0.4593908629  0.4593908629 1
    0.4619289340  0.4619289340  0.4619289340 1
    0.4644670051  0.4644670051  0.4644670051 1
    0.4670050761  0.4670050761  0.4670050761 1
    0.4695431472  0.4695431472  0.4695431472 1
    0.4720812183  0.4720812183  0.4720812183 1
    0.4746192893  0.4746192893  0.4746192893 1
    0.4771573604  0.4771573604  0.4771573604 1
    0.4796954315  0.4796954315  0.4796954315 1
    0.4822335025  0.4822335025  0.4822335025 1
    0.4847715736  0.4847715736  0.4847715736 1
    0.4873096447  0.4873096447  0.4873096447 1
    0.4898477157  0.4898477157  0.4898477157 1
    0.4923857868  0.4923857868  0.4923857868 1
    0.4949238579  0.4949238579  0.4949238579 1
    0.4974619289  0.4974619289  0.4974619289 1
    0.5000000000  0.5000000000  0.5000000000 1
    0.4968750000  0.5000000000  0.4968750000 1
    0.4937500000  0.5000000000  0.4937500000 1
    0.4906250000  0.5000000000  0.4906250000 1
    0.4875000000  0.5000000000  0.4875000000 1
    0.4843750000  0.5000000000  0.4843750000 1
    0.4812500000  0.5000000000  0.4812500000 1
    0.4781250000  0.5000000000  0.4781250000 1
    0.4750000000  0.5000000000  0.4750000000 1
    0.4718750000  0.5000000000  0.4718750000 1
    0.4687500000  0.5000000000  0.4687500000 1
    0.4656250000  0.5000000000  0.4656250000 1
    0.4625000000  0.5000000000  0.4625000000 1
    0.4593750000  0.5000000000  0.4593750000 1
    0.4562500000  0.5000000000  0.4562500000 1
    0.4531250000  0.5000000000  0.4531250000 1
    0.4500000000  0.5000000000  0.4500000000 1
    0.4468750000  0.5000000000  0.4468750000 1
    0.4437500000  0.5000000000  0.4437500000 1
    0.4406250000  0.5000000000  0.4406250000 1
    0.4375000000  0.5000000000  0.4375000000 1
    0.4343750000  0.5000000000  0.4343750000 1
    0.4312500000  0.5000000000  0.4312500000 1
    0.4281250000  0.5000000000  0.4281250000 1
    0.4250000000  0.5000000000  0.4250000000 1
    0.4218750000  0.5000000000  0.4218750000 1
    0.4187500000  0.5000000000  0.4187500000 1
    0.4156250000  0.5000000000  0.4156250000 1
    0.4125000000  0.5000000000  0.4125000000 1
    0.4093750000  0.5000000000  0.4093750000 1
    0.4062500000  0.5000000000  0.4062500000 1
    0.4031250000  0.5000000000  0.4031250000 1
    0.4000000000  0.5000000000  0.4000000000 1
    0.3968750000  0.5000000000  0.3968750000 1
    0.3937500000  0.5000000000  0.3937500000 1
    0.3906250000  0.5000000000  0.3906250000 1
    0.3875000000  0.5000000000  0.3875000000 1
    0.3843750000  0.5000000000  0.3843750000 1
    0.3812500000  0.5000000000  0.3812500000 1
    0.3781250000  0.5000000000  0.3781250000 1
    0.3750000000  0.5000000000  0.3750000000 1
    0.3718750000  0.5000000000  0.3718750000 1
    0.3687500000  0.5000000000  0.3687500000 1
    0.3656250000  0.5000000000  0.3656250000 1
    0.3625000000  0.5000000000  0.3625000000 1
    0.3593750000  0.5000000000  0.3593750000 1
    0.3562500000  0.5000000000  0.3562500000 1
    0.3531250000  0.5000000000  0.3531250000 1
    0.3500000000  0.5000000000  0.3500000000 1
    0.3468750000  0.5000000000  0.3468750000 1
    0.3437500000  0.5000000000  0.3437500000 1
    0.3406250000  0.5000000000  0.3406250000 1
    0.3375000000  0.5000000000  0.3375000000 1
    0.3343750000  0.5000000000  0.3343750000 1
    0.3312500000  0.5000000000  0.3312500000 1
    0.3281250000  0.5000000000  0.3281250000 1
    0.3250000000  0.5000000000  0.3250000000 1
    0.3218750000  0.5000000000  0.3218750000 1
    0.3187500000  0.5000000000  0.3187500000 1
    0.3156250000  0.5000000000  0.3156250000 1
    0.3125000000  0.5000000000  0.3125000000 1
    0.3093750000  0.5000000000  0.3093750000 1
    0.3062500000  0.5000000000  0.3062500000 1
    0.3031250000  0.5000000000  0.3031250000 1
    0.3000000000  0.5000000000  0.3000000000 1
    0.2968750000  0.5000000000  0.2968750000 1
    0.2937500000  0.5000000000  0.2937500000 1
    0.2906250000  0.5000000000  0.2906250000 1
    0.2875000000  0.5000000000  0.2875000000 1
    0.2843750000  0.5000000000  0.2843750000 1
    0.2812500000  0.5000000000  0.2812500000 1
    0.2781250000  0.5000000000  0.2781250000 1
    0.2750000000  0.5000000000  0.2750000000 1
    0.2718750000  0.5000000000  0.2718750000 1
    0.2687500000  0.5000000000  0.2687500000 1
    0.2656250000  0.5000000000  0.2656250000 1
    0.2625000000  0.5000000000  0.2625000000 1
    0.2593750000  0.5000000000  0.2593750000 1
    0.2562500000  0.5000000000  0.2562500000 1
    0.2531250000  0.5000000000  0.2531250000 1
    0.2500000000  0.5000000000  0.2500000000 1
    0.2468750000  0.5000000000  0.2468750000 1
    0.2437500000  0.5000000000  0.2437500000 1
    0.2406250000  0.5000000000  0.2406250000 1
    0.2375000000  0.5000000000  0.2375000000 1
    0.2343750000  0.5000000000  0.2343750000 1
    0.2312500000  0.5000000000  0.2312500000 1
    0.2281250000  0.5000000000  0.2281250000 1
    0.2250000000  0.5000000000  0.2250000000 1
    0.2218750000  0.5000000000  0.2218750000 1
    0.2187500000  0.5000000000  0.2187500000 1
    0.2156250000  0.5000000000  0.2156250000 1
    0.2125000000  0.5000000000  0.2125000000 1
    0.2093750000  0.5000000000  0.2093750000 1
    0.2062500000  0.5000000000  0.2062500000 1
    0.2031250000  0.5000000000  0.2031250000 1
    0.2000000000  0.5000000000  0.2000000000 1
    0.1968750000  0.5000000000  0.1968750000 1
    0.1937500000  0.5000000000  0.1937500000 1
    0.1906250000  0.5000000000  0.1906250000 1
    0.1875000000  0.5000000000  0.1875000000 1
    0.1843750000  0.5000000000  0.1843750000 1
    0.1812500000  0.5000000000  0.1812500000 1
    0.1781250000  0.5000000000  0.1781250000 1
    0.1750000000  0.5000000000  0.1750000000 1
    0.1718750000  0.5000000000  0.1718750000 1
    0.1687500000  0.5000000000  0.1687500000 1
    0.1656250000  0.5000000000  0.1656250000 1
    0.1625000000  0.5000000000  0.1625000000 1
    0.1593750000  0.5000000000  0.1593750000 1
    0.1562500000  0.5000000000  0.1562500000 1
    0.1531250000  0.5000000000  0.1531250000 1
    0.1500000000  0.5000000000  0.1500000000 1
    0.1468750000  0.5000000000  0.1468750000 1
    0.1437500000  0.5000000000  0.1437500000 1
    0.1406250000  0.5000000000  0.1406250000 1
    0.1375000000  0.5000000000  0.1375000000 1
    0.1343750000  0.5000000000  0.1343750000 1
    0.1312500000  0.5000000000  0.1312500000 1
    0.1281250000  0.5000000000  0.1281250000 1
    0.1250000000  0.5000000000  0.1250000000 1
    0.1218750000  0.5000000000  0.1218750000 1
    0.1187500000  0.5000000000  0.1187500000 1
    0.1156250000  0.5000000000  0.1156250000 1
    0.1125000000  0.5000000000  0.1125000000 1
    0.1093750000  0.5000000000  0.1093750000 1
    0.1062500000  0.5000000000  0.1062500000 1
    0.1031250000  0.5000000000  0.1031250000 1
    0.1000000000  0.5000000000  0.1000000000 1
    0.0968750000  0.5000000000  0.0968750000 1
    0.0937500000  0.5000000000  0.0937500000 1
    0.0906250000  0.5000000000  0.0906250000 1
    0.0875000000  0.5000000000  0.0875000000 1
    0.0843750000  0.5000000000  0.0843750000 1
    0.0812500000  0.5000000000  0.0812500000 1
    0.0781250000  0.5000000000  0.0781250000 1
    0.0750000000  0.5000000000  0.0750000000 1
    0.0718750000  0.5000000000  0.0718750000 1
    0.0687500000  0.5000000000  0.0687500000 1
    0.0656250000  0.5000000000  0.0656250000 1
    0.0625000000  0.5000000000  0.0625000000 1
    0.0593750000  0.5000000000  0.0593750000 1
    0.0562500000  0.5000000000  0.0562500000 1
    0.0531250000  0.5000000000  0.0531250000 1
    0.0500000000  0.5000000000  0.0500000000 1
    0.0468750000  0.5000000000  0.0468750000 1
    0.0437500000  0.5000000000  0.0437500000 1
    0.0406250000  0.5000000000  0.0406250000 1
    0.0375000000  0.5000000000  0.0375000000 1
    0.0343750000  0.5000000000  0.0343750000 1
    0.0312500000  0.5000000000  0.0312500000 1
    0.0281250000  0.5000000000  0.0281250000 1
    0.0250000000  0.5000000000  0.0250000000 1
    0.0218750000  0.5000000000  0.0218750000 1
    0.0187500000  0.5000000000  0.0187500000 1
    0.0156250000  0.5000000000  0.0156250000 1
    0.0125000000  0.5000000000  0.0125000000 1
    0.0093750000  0.5000000000  0.0093750000 1
    0.0062500000  0.5000000000  0.0062500000 1
    0.0031250000  0.5000000000  0.0031250000 1
    0.0000000000  0.5000000000  0.0000000000 1
