&input
 flfrc='hea.332.fc',
 q_in_cryst_coord=.TRUE.,
 asr='simple',
 flfrq='hea.freq',
/
426
    0.0000000000  0.0000000000  0.0000000000 1
    0.0000000000  0.0072463768  0.0000000000 1
    0.0000000000  0.0144927536  0.0000000000 1
    0.0000000000  0.0217391304  0.0000000000 1
    0.0000000000  0.0289855072  0.0000000000 1
    0.0000000000  0.0362318841  0.0000000000 1
    0.0000000000  0.0434782609  0.0000000000 1
    0.0000000000  0.0507246377  0.0000000000 1
    0.0000000000  0.0579710145  0.0000000000 1
    0.0000000000  0.0652173913  0.0000000000 1
    0.0000000000  0.0724637681  0.0000000000 1
    0.0000000000  0.0797101449  0.0000000000 1
    0.0000000000  0.0869565217  0.0000000000 1
    0.0000000000  0.0942028986  0.0000000000 1
    0.0000000000  0.1014492754  0.0000000000 1
    0.0000000000  0.1086956522  0.0000000000 1
    0.0000000000  0.1159420290  0.0000000000 1
    0.0000000000  0.1231884058  0.0000000000 1
    0.0000000000  0.1304347826  0.0000000000 1
    0.0000000000  0.1376811594  0.0000000000 1
    0.0000000000  0.1449275362  0.0000000000 1
    0.0000000000  0.1521739130  0.0000000000 1
    0.0000000000  0.1594202899  0.0000000000 1
    0.0000000000  0.1666666667  0.0000000000 1
    0.0000000000  0.1739130435  0.0000000000 1
    0.0000000000  0.1811594203  0.0000000000 1
    0.0000000000  0.1884057971  0.0000000000 1
    0.0000000000  0.1956521739  0.0000000000 1
    0.0000000000  0.2028985507  0.0000000000 1
    0.0000000000  0.2101449275  0.0000000000 1
    0.0000000000  0.2173913043  0.0000000000 1
    0.0000000000  0.2246376812  0.0000000000 1
    0.0000000000  0.2318840580  0.0000000000 1
    0.0000000000  0.2391304348  0.0000000000 1
    0.0000000000  0.2463768116  0.0000000000 1
    0.0000000000  0.2536231884  0.0000000000 1
    0.0000000000  0.2608695652  0.0000000000 1
    0.0000000000  0.2681159420  0.0000000000 1
    0.0000000000  0.2753623188  0.0000000000 1
    0.0000000000  0.2826086957  0.0000000000 1
    0.0000000000  0.2898550725  0.0000000000 1
    0.0000000000  0.2971014493  0.0000000000 1
    0.0000000000  0.3043478261  0.0000000000 1
    0.0000000000  0.3115942029  0.0000000000 1
    0.0000000000  0.3188405797  0.0000000000 1
    0.0000000000  0.3260869565  0.0000000000 1
    0.0000000000  0.3333333333  0.0000000000 1
    0.0000000000  0.3405797101  0.0000000000 1
    0.0000000000  0.3478260870  0.0000000000 1
    0.0000000000  0.3550724638  0.0000000000 1
    0.0000000000  0.3623188406  0.0000000000 1
    0.0000000000  0.3695652174  0.0000000000 1
    0.0000000000  0.3768115942  0.0000000000 1
    0.0000000000  0.3840579710  0.0000000000 1
    0.0000000000  0.3913043478  0.0000000000 1
    0.0000000000  0.3985507246  0.0000000000 1
    0.0000000000  0.4057971014  0.0000000000 1
    0.0000000000  0.4130434783  0.0000000000 1
    0.0000000000  0.4202898551  0.0000000000 1
    0.0000000000  0.4275362319  0.0000000000 1
    0.0000000000  0.4347826087  0.0000000000 1
    0.0000000000  0.4420289855  0.0000000000 1
    0.0000000000  0.4492753623  0.0000000000 1
    0.0000000000  0.4565217391  0.0000000000 1
    0.0000000000  0.4637681159  0.0000000000 1
    0.0000000000  0.4710144928  0.0000000000 1
    0.0000000000  0.4782608696  0.0000000000 1
    0.0000000000  0.4855072464  0.0000000000 1
    0.0000000000  0.4927536232  0.0000000000 1
    0.0000000000  0.5000000000  0.0000000000 1
    -0.0043076923  0.5033846154  0.0000000000 1
    -0.0086153846  0.5067692308  0.0000000000 1
    -0.0129230769  0.5101538462  0.0000000000 1
    -0.0172307692  0.5135384615  0.0000000000 1
    -0.0215384615  0.5169230769  0.0000000000 1
    -0.0258461538  0.5203076923  0.0000000000 1
    -0.0301538462  0.5236923077  0.0000000000 1
    -0.0344615385  0.5270769231  0.0000000000 1
    -0.0387692308  0.5304615385  0.0000000000 1
    -0.0430769231  0.5338461538  0.0000000000 1
    -0.0473846154  0.5372307692  0.0000000000 1
    -0.0516923077  0.5406153846  0.0000000000 1
    -0.0560000000  0.5440000000  0.0000000000 1
    -0.0603076923  0.5473846154  0.0000000000 1
    -0.0646153846  0.5507692308  0.0000000000 1
    -0.0689230769  0.5541538462  0.0000000000 1
    -0.0732307692  0.5575384615  0.0000000000 1
    -0.0775384615  0.5609230769  0.0000000000 1
    -0.0818461538  0.5643076923  0.0000000000 1
    -0.0861538462  0.5676923077  0.0000000000 1
    -0.0904615385  0.5710769231  0.0000000000 1
    -0.0947692308  0.5744615385  0.0000000000 1
    -0.0990769231  0.5778461538  0.0000000000 1
    -0.1033846154  0.5812307692  0.0000000000 1
    -0.1076923077  0.5846153846  0.0000000000 1
    -0.1120000000  0.5880000000  0.0000000000 1
    -0.1163076923  0.5913846154  0.0000000000 1
    -0.1206153846  0.5947692308  0.0000000000 1
    -0.1249230769  0.5981538462  0.0000000000 1
    -0.1292307692  0.6015384615  0.0000000000 1
    -0.1335384615  0.6049230769  0.0000000000 1
    -0.1378461538  0.6083076923  0.0000000000 1
    -0.1421538462  0.6116923077  0.0000000000 1
    -0.1464615385  0.6150769231  0.0000000000 1
    -0.1507692308  0.6184615385  0.0000000000 1
    -0.1550769231  0.6218461538  0.0000000000 1
    -0.1593846154  0.6252307692  0.0000000000 1
    -0.1636923077  0.6286153846  0.0000000000 1
    -0.1680000000  0.6320000000  0.0000000000 1
    -0.1723076923  0.6353846154  0.0000000000 1
    -0.1766153846  0.6387692308  0.0000000000 1
    -0.1809230769  0.6421538462  0.0000000000 1
    -0.1852307692  0.6455384615  0.0000000000 1
    -0.1895384615  0.6489230769  0.0000000000 1
    -0.1938461538  0.6523076923  0.0000000000 1
    -0.1981538462  0.6556923077  0.0000000000 1
    -0.2024615385  0.6590769231  0.0000000000 1
    -0.2067692308  0.6624615385  0.0000000000 1
    -0.2110769231  0.6658461538  0.0000000000 1
    -0.2153846154  0.6692307692  0.0000000000 1
    -0.2196923077  0.6726153846  0.0000000000 1
    -0.2240000000  0.6760000000  0.0000000000 1
    -0.2283076923  0.6793846154  0.0000000000 1
    -0.2326153846  0.6827692308  0.0000000000 1
    -0.2369230769  0.6861538462  0.0000000000 1
    -0.2412307692  0.6895384615  0.0000000000 1
    -0.2455384615  0.6929230769  0.0000000000 1
    -0.2498461538  0.6963076923  0.0000000000 1
    -0.2541538462  0.6996923077  0.0000000000 1
    -0.2584615385  0.7030769231  0.0000000000 1
    -0.2627692308  0.7064615385  0.0000000000 1
    -0.2670769231  0.7098461538  0.0000000000 1
    -0.2713846154  0.7132307692  0.0000000000 1
    -0.2756923077  0.7166153846  0.0000000000 1
    -0.2800000000  0.7200000000  0.0000000000 1
    -0.2915789474  0.7084210526  0.0000000000 1
    -0.3031578947  0.6968421053  0.0000000000 1
    -0.3147368421  0.6852631579  0.0000000000 1
    -0.3263157895  0.6736842105  0.0000000000 1
    -0.3378947368  0.6621052632  0.0000000000 1
    -0.3494736842  0.6505263158  0.0000000000 1
    -0.3610526316  0.6389473684  0.0000000000 1
    -0.3726315789  0.6273684211  0.0000000000 1
    -0.3842105263  0.6157894737  0.0000000000 1
    -0.3957894737  0.6042105263  0.0000000000 1
    -0.4073684211  0.5926315789  0.0000000000 1
    -0.4189473684  0.5810526316  0.0000000000 1
    -0.4305263158  0.5694736842  0.0000000000 1
    -0.4421052632  0.5578947368  0.0000000000 1
    -0.4536842105  0.5463157895  0.0000000000 1
    -0.4652631579  0.5347368421  0.0000000000 1
    -0.4768421053  0.5231578947  0.0000000000 1
    -0.4884210526  0.5115789474  0.0000000000 1
    -0.5000000000  0.5000000000  0.0000000000 1
    -0.4888888889  0.4888888889  0.0000000000 1
    -0.4777777778  0.4777777778  0.0000000000 1
    -0.4666666667  0.4666666667  0.0000000000 1
    -0.4555555556  0.4555555556  0.0000000000 1
    -0.4444444444  0.4444444444  0.0000000000 1
    -0.4333333333  0.4333333333  0.0000000000 1
    -0.4222222222  0.4222222222  0.0000000000 1
    -0.4111111111  0.4111111111  0.0000000000 1
    -0.4000000000  0.4000000000  0.0000000000 1
    -0.3888888889  0.3888888889  0.0000000000 1
    -0.3777777778  0.3777777778  0.0000000000 1
    -0.3666666667  0.3666666667  0.0000000000 1
    -0.3555555556  0.3555555556  0.0000000000 1
    -0.3444444444  0.3444444444  0.0000000000 1
    -0.3333333333  0.3333333333  0.0000000000 1
    -0.3222222222  0.3222222222  0.0000000000 1
    -0.3111111111  0.3111111111  0.0000000000 1
    -0.3000000000  0.3000000000  0.0000000000 1
    -0.2888888889  0.2888888889  0.0000000000 1
    -0.2777777778  0.2777777778  0.0000000000 1
    -0.2666666667  0.2666666667  0.0000000000 1
    -0.2555555556  0.2555555556  0.0000000000 1
    -0.2444444444  0.2444444444  0.0000000000 1
    -0.2333333333  0.2333333333  0.0000000000 1
    -0.2222222222  0.2222222222  0.0000000000 1
    -0.2111111111  0.2111111111  0.0000000000 1
    -0.2000000000  0.2000000000  0.0000000000 1
    -0.1888888889  0.1888888889  0.0000000000 1
    -0.1777777778  0.1777777778  0.0000000000 1
    -0.1666666667  0.1666666667  0.0000000000 1
    -0.1555555556  0.1555555556  0.0000000000 1
    -0.1444444444  0.1444444444  0.0000000000 1
    -0.1333333333  0.1333333333  0.0000000000 1
    -0.1222222222  0.1222222222  0.0000000000 1
    -0.1111111111  0.1111111111  0.0000000000 1
    -0.1000000000  0.1000000000  0.0000000000 1
    -0.0888888889  0.0888888889  0.0000000000 1
    -0.0777777778  0.0777777778  0.0000000000 1
    -0.0666666667  0.0666666667  0.0000000000 1
    -0.0555555556  0.0555555556  0.0000000000 1
    -0.0444444444  0.0444444444  0.0000000000 1
    -0.0333333333  0.0333333333  0.0000000000 1
    -0.0222222222  0.0222222222  0.0000000000 1
    -0.0111111111  0.0111111111  0.0000000000 1
    0.0000000000  0.0000000000  0.0000000000 1
    -0.0125000000  0.0125000000  0.0125000000 1
    -0.0250000000  0.0250000000  0.0250000000 1
    -0.0375000000  0.0375000000  0.0375000000 1
    -0.0500000000  0.0500000000  0.0500000000 1
    -0.0625000000  0.0625000000  0.0625000000 1
    -0.0750000000  0.0750000000  0.0750000000 1
    -0.0875000000  0.0875000000  0.0875000000 1
    -0.1000000000  0.1000000000  0.1000000000 1
    -0.1125000000  0.1125000000  0.1125000000 1
    -0.1250000000  0.1250000000  0.1250000000 1
    -0.1375000000  0.1375000000  0.1375000000 1
    -0.1500000000  0.1500000000  0.1500000000 1
    -0.1625000000  0.1625000000  0.1625000000 1
    -0.1750000000  0.1750000000  0.1750000000 1
    -0.1875000000  0.1875000000  0.1875000000 1
    -0.2000000000  0.2000000000  0.2000000000 1
    -0.2125000000  0.2125000000  0.2125000000 1
    -0.2250000000  0.2250000000  0.2250000000 1
    -0.2375000000  0.2375000000  0.2375000000 1
    -0.2500000000  0.2500000000  0.2500000000 1
    -0.2625000000  0.2625000000  0.2625000000 1
    -0.2750000000  0.2750000000  0.2750000000 1
    -0.2875000000  0.2875000000  0.2875000000 1
    -0.3000000000  0.3000000000  0.3000000000 1
    -0.3125000000  0.3125000000  0.3125000000 1
    -0.3250000000  0.3250000000  0.3250000000 1
    -0.3375000000  0.3375000000  0.3375000000 1
    -0.3500000000  0.3500000000  0.3500000000 1
    -0.3625000000  0.3625000000  0.3625000000 1
    -0.3750000000  0.3750000000  0.3750000000 1
    -0.3875000000  0.3875000000  0.3875000000 1
    -0.4000000000  0.4000000000  0.4000000000 1
    -0.4125000000  0.4125000000  0.4125000000 1
    -0.4250000000  0.4250000000  0.4250000000 1
    -0.4375000000  0.4375000000  0.4375000000 1
    -0.4500000000  0.4500000000  0.4500000000 1
    -0.4625000000  0.4625000000  0.4625000000 1
    -0.4750000000  0.4750000000  0.4750000000 1
    -0.4875000000  0.4875000000  0.4875000000 1
    -0.5000000000  0.5000000000  0.5000000000 1
    -0.4885714286  0.5114285714  0.5000000000 1
    -0.4771428571  0.5228571429  0.5000000000 1
    -0.4657142857  0.5342857143  0.5000000000 1
    -0.4542857143  0.5457142857  0.5000000000 1
    -0.4428571429  0.5571428571  0.5000000000 1
    -0.4314285714  0.5685714286  0.5000000000 1
    -0.4200000000  0.5800000000  0.5000000000 1
    -0.4085714286  0.5914285714  0.5000000000 1
    -0.3971428571  0.6028571429  0.5000000000 1
    -0.3857142857  0.6142857143  0.5000000000 1
    -0.3742857143  0.6257142857  0.5000000000 1
    -0.3628571429  0.6371428571  0.5000000000 1
    -0.3514285714  0.6485714286  0.5000000000 1
    -0.3400000000  0.6600000000  0.5000000000 1
    -0.3285714286  0.6714285714  0.5000000000 1
    -0.3171428571  0.6828571429  0.5000000000 1
    -0.3057142857  0.6942857143  0.5000000000 1
    -0.2942857143  0.7057142857  0.5000000000 1
    -0.2828571429  0.7171428571  0.5000000000 1
    -0.2714285714  0.7285714286  0.5000000000 1
    -0.2600000000  0.7400000000  0.5000000000 1
    -0.2560000000  0.7363076923  0.5000000000 1
    -0.2520000000  0.7326153846  0.5000000000 1
    -0.2480000000  0.7289230769  0.5000000000 1
    -0.2440000000  0.7252307692  0.5000000000 1
    -0.2400000000  0.7215384615  0.5000000000 1
    -0.2360000000  0.7178461538  0.5000000000 1
    -0.2320000000  0.7141538462  0.5000000000 1
    -0.2280000000  0.7104615385  0.5000000000 1
    -0.2240000000  0.7067692308  0.5000000000 1
    -0.2200000000  0.7030769231  0.5000000000 1
    -0.2160000000  0.6993846154  0.5000000000 1
    -0.2120000000  0.6956923077  0.5000000000 1
    -0.2080000000  0.6920000000  0.5000000000 1
    -0.2040000000  0.6883076923  0.5000000000 1
    -0.2000000000  0.6846153846  0.5000000000 1
    -0.1960000000  0.6809230769  0.5000000000 1
    -0.1920000000  0.6772307692  0.5000000000 1
    -0.1880000000  0.6735384615  0.5000000000 1
    -0.1840000000  0.6698461538  0.5000000000 1
    -0.1800000000  0.6661538462  0.5000000000 1
    -0.1760000000  0.6624615385  0.5000000000 1
    -0.1720000000  0.6587692308  0.5000000000 1
    -0.1680000000  0.6550769231  0.5000000000 1
    -0.1640000000  0.6513846154  0.5000000000 1
    -0.1600000000  0.6476923077  0.5000000000 1
    -0.1560000000  0.6440000000  0.5000000000 1
    -0.1520000000  0.6403076923  0.5000000000 1
    -0.1480000000  0.6366153846  0.5000000000 1
    -0.1440000000  0.6329230769  0.5000000000 1
    -0.1400000000  0.6292307692  0.5000000000 1
    -0.1360000000  0.6255384615  0.5000000000 1
    -0.1320000000  0.6218461538  0.5000000000 1
    -0.1280000000  0.6181538462  0.5000000000 1
    -0.1240000000  0.6144615385  0.5000000000 1
    -0.1200000000  0.6107692308  0.5000000000 1
    -0.1160000000  0.6070769231  0.5000000000 1
    -0.1120000000  0.6033846154  0.5000000000 1
    -0.1080000000  0.5996923077  0.5000000000 1
    -0.1040000000  0.5960000000  0.5000000000 1
    -0.1000000000  0.5923076923  0.5000000000 1
    -0.0960000000  0.5886153846  0.5000000000 1
    -0.0920000000  0.5849230769  0.5000000000 1
    -0.0880000000  0.5812307692  0.5000000000 1
    -0.0840000000  0.5775384615  0.5000000000 1
    -0.0800000000  0.5738461538  0.5000000000 1
    -0.0760000000  0.5701538462  0.5000000000 1
    -0.0720000000  0.5664615385  0.5000000000 1
    -0.0680000000  0.5627692308  0.5000000000 1
    -0.0640000000  0.5590769231  0.5000000000 1
    -0.0600000000  0.5553846154  0.5000000000 1
    -0.0560000000  0.5516923077  0.5000000000 1
    -0.0520000000  0.5480000000  0.5000000000 1
    -0.0480000000  0.5443076923  0.5000000000 1
    -0.0440000000  0.5406153846  0.5000000000 1
    -0.0400000000  0.5369230769  0.5000000000 1
    -0.0360000000  0.5332307692  0.5000000000 1
    -0.0320000000  0.5295384615  0.5000000000 1
    -0.0280000000  0.5258461538  0.5000000000 1
    -0.0240000000  0.5221538462  0.5000000000 1
    -0.0200000000  0.5184615385  0.5000000000 1
    -0.0160000000  0.5147692308  0.5000000000 1
    -0.0120000000  0.5110769231  0.5000000000 1
    -0.0080000000  0.5073846154  0.5000000000 1
    -0.0040000000  0.5036923077  0.5000000000 1
    0.0000000000  0.5000000000  0.5000000000 1
    0.0000000000  0.4929577465  0.4929577465 1
    0.0000000000  0.4859154930  0.4859154930 1
    0.0000000000  0.4788732394  0.4788732394 1
    0.0000000000  0.4718309859  0.4718309859 1
    0.0000000000  0.4647887324  0.4647887324 1
    0.0000000000  0.4577464789  0.4577464789 1
    0.0000000000  0.4507042254  0.4507042254 1
    0.0000000000  0.4436619718  0.4436619718 1
    0.0000000000  0.4366197183  0.4366197183 1
    0.0000000000  0.4295774648  0.4295774648 1
    0.0000000000  0.4225352113  0.4225352113 1
    0.0000000000  0.4154929577  0.4154929577 1
    0.0000000000  0.4084507042  0.4084507042 1
    0.0000000000  0.4014084507  0.4014084507 1
    0.0000000000  0.3943661972  0.3943661972 1
    0.0000000000  0.3873239437  0.3873239437 1
    0.0000000000  0.3802816901  0.3802816901 1
    0.0000000000  0.3732394366  0.3732394366 1
    0.0000000000  0.3661971831  0.3661971831 1
    0.0000000000  0.3591549296  0.3591549296 1
    0.0000000000  0.3521126761  0.3521126761 1
    0.0000000000  0.3450704225  0.3450704225 1
    0.0000000000  0.3380281690  0.3380281690 1
    0.0000000000  0.3309859155  0.3309859155 1
    0.0000000000  0.3239436620  0.3239436620 1
    0.0000000000  0.3169014085  0.3169014085 1
    0.0000000000  0.3098591549  0.3098591549 1
    0.0000000000  0.3028169014  0.3028169014 1
    0.0000000000  0.2957746479  0.2957746479 1
    0.0000000000  0.2887323944  0.2887323944 1
    0.0000000000  0.2816901408  0.2816901408 1
    0.0000000000  0.2746478873  0.2746478873 1
    0.0000000000  0.2676056338  0.2676056338 1
    0.0000000000  0.2605633803  0.2605633803 1
    0.0000000000  0.2535211268  0.2535211268 1
    0.0000000000  0.2464788732  0.2464788732 1
    0.0000000000  0.2394366197  0.2394366197 1
    0.0000000000  0.2323943662  0.2323943662 1
    0.0000000000  0.2253521127  0.2253521127 1
    0.0000000000  0.2183098592  0.2183098592 1
    0.0000000000  0.2112676056  0.2112676056 1
    0.0000000000  0.2042253521  0.2042253521 1
    0.0000000000  0.1971830986  0.1971830986 1
    0.0000000000  0.1901408451  0.1901408451 1
    0.0000000000  0.1830985915  0.1830985915 1
    0.0000000000  0.1760563380  0.1760563380 1
    0.0000000000  0.1690140845  0.1690140845 1
    0.0000000000  0.1619718310  0.1619718310 1
    0.0000000000  0.1549295775  0.1549295775 1
    0.0000000000  0.1478873239  0.1478873239 1
    0.0000000000  0.1408450704  0.1408450704 1
    0.0000000000  0.1338028169  0.1338028169 1
    0.0000000000  0.1267605634  0.1267605634 1
    0.0000000000  0.1197183099  0.1197183099 1
    0.0000000000  0.1126760563  0.1126760563 1
    0.0000000000  0.1056338028  0.1056338028 1
    0.0000000000  0.0985915493  0.0985915493 1
    0.0000000000  0.0915492958  0.0915492958 1
    0.0000000000  0.0845070423  0.0845070423 1
    0.0000000000  0.0774647887  0.0774647887 1
    0.0000000000  0.0704225352  0.0704225352 1
    0.0000000000  0.0633802817  0.0633802817 1
    0.0000000000  0.0563380282  0.0563380282 1
    0.0000000000  0.0492957746  0.0492957746 1
    0.0000000000  0.0422535211  0.0422535211 1
    0.0000000000  0.0352112676  0.0352112676 1
    0.0000000000  0.0281690141  0.0281690141 1
    0.0000000000  0.0211267606  0.0211267606 1
    0.0000000000  0.0140845070  0.0140845070 1
    0.0000000000  0.0070422535  0.0070422535 1
    0.0000000000  0.0000000000  0.0000000000 1
    0.0000000000  0.0000000000  0.0166666667 1
    0.0000000000  0.0000000000  0.0333333333 1
    0.0000000000  0.0000000000  0.0500000000 1
    0.0000000000  0.0000000000  0.0666666667 1
    0.0000000000  0.0000000000  0.0833333333 1
    0.0000000000  0.0000000000  0.1000000000 1
    0.0000000000  0.0000000000  0.1166666667 1
    0.0000000000  0.0000000000  0.1333333333 1
    0.0000000000  0.0000000000  0.1500000000 1
    0.0000000000  0.0000000000  0.1666666667 1
    0.0000000000  0.0000000000  0.1833333333 1
    0.0000000000  0.0000000000  0.2000000000 1
    0.0000000000  0.0000000000  0.2166666667 1
    0.0000000000  0.0000000000  0.2333333333 1
    0.0000000000  0.0000000000  0.2500000000 1
    0.0000000000  0.0000000000  0.2666666667 1
    0.0000000000  0.0000000000  0.2833333333 1
    0.0000000000  0.0000000000  0.3000000000 1
    0.0000000000  0.0000000000  0.3166666667 1
    0.0000000000  0.0000000000  0.3333333333 1
    0.0000000000  0.0000000000  0.3500000000 1
    0.0000000000  0.0000000000  0.3666666667 1
    0.0000000000  0.0000000000  0.3833333333 1
    0.0000000000  0.0000000000  0.4000000000 1
    0.0000000000  0.0000000000  0.4166666667 1
    0.0000000000  0.0000000000  0.4333333333 1
    0.0000000000  0.0000000000  0.4500000000 1
    0.0000000000  0.0000000000  0.4666666667 1
    0.0000000000  0.0000000000  0.4833333333 1
    0.0000000000  0.0000000000  0.5000000000 1
