&input
 flfrc='nb.888.fc',
 q_in_cryst_coord=.TRUE.,
 asr='simple',
 flfrq='nb.freq',
/
447
    0.0000000000  0.0000000000  0.0000000000 1
    0.0046296296  -0.0046296296  0.0046296296 1
    0.0092592593  -0.0092592593  0.0092592593 1
    0.0138888889  -0.0138888889  0.0138888889 1
    0.0185185185  -0.0185185185  0.0185185185 1
    0.0231481481  -0.0231481481  0.0231481481 1
    0.0277777778  -0.0277777778  0.0277777778 1
    0.0324074074  -0.0324074074  0.0324074074 1
    0.0370370370  -0.0370370370  0.0370370370 1
    0.0416666667  -0.0416666667  0.0416666667 1
    0.0462962963  -0.0462962963  0.0462962963 1
    0.0509259259  -0.0509259259  0.0509259259 1
    0.0555555556  -0.0555555556  0.0555555556 1
    0.0601851852  -0.0601851852  0.0601851852 1
    0.0648148148  -0.0648148148  0.0648148148 1
    0.0694444444  -0.0694444444  0.0694444444 1
    0.0740740741  -0.0740740741  0.0740740741 1
    0.0787037037  -0.0787037037  0.0787037037 1
    0.0833333333  -0.0833333333  0.0833333333 1
    0.0879629630  -0.0879629630  0.0879629630 1
    0.0925925926  -0.0925925926  0.0925925926 1
    0.0972222222  -0.0972222222  0.0972222222 1
    0.1018518519  -0.1018518519  0.1018518519 1
    0.1064814815  -0.1064814815  0.1064814815 1
    0.1111111111  -0.1111111111  0.1111111111 1
    0.1157407407  -0.1157407407  0.1157407407 1
    0.1203703704  -0.1203703704  0.1203703704 1
    0.1250000000  -0.1250000000  0.1250000000 1
    0.1296296296  -0.1296296296  0.1296296296 1
    0.1342592593  -0.1342592593  0.1342592593 1
    0.1388888889  -0.1388888889  0.1388888889 1
    0.1435185185  -0.1435185185  0.1435185185 1
    0.1481481481  -0.1481481481  0.1481481481 1
    0.1527777778  -0.1527777778  0.1527777778 1
    0.1574074074  -0.1574074074  0.1574074074 1
    0.1620370370  -0.1620370370  0.1620370370 1
    0.1666666667  -0.1666666667  0.1666666667 1
    0.1712962963  -0.1712962963  0.1712962963 1
    0.1759259259  -0.1759259259  0.1759259259 1
    0.1805555556  -0.1805555556  0.1805555556 1
    0.1851851852  -0.1851851852  0.1851851852 1
    0.1898148148  -0.1898148148  0.1898148148 1
    0.1944444444  -0.1944444444  0.1944444444 1
    0.1990740741  -0.1990740741  0.1990740741 1
    0.2037037037  -0.2037037037  0.2037037037 1
    0.2083333333  -0.2083333333  0.2083333333 1
    0.2129629630  -0.2129629630  0.2129629630 1
    0.2175925926  -0.2175925926  0.2175925926 1
    0.2222222222  -0.2222222222  0.2222222222 1
    0.2268518519  -0.2268518519  0.2268518519 1
    0.2314814815  -0.2314814815  0.2314814815 1
    0.2361111111  -0.2361111111  0.2361111111 1
    0.2407407407  -0.2407407407  0.2407407407 1
    0.2453703704  -0.2453703704  0.2453703704 1
    0.2500000000  -0.2500000000  0.2500000000 1
    0.2546296296  -0.2546296296  0.2546296296 1
    0.2592592593  -0.2592592593  0.2592592593 1
    0.2638888889  -0.2638888889  0.2638888889 1
    0.2685185185  -0.2685185185  0.2685185185 1
    0.2731481481  -0.2731481481  0.2731481481 1
    0.2777777778  -0.2777777778  0.2777777778 1
    0.2824074074  -0.2824074074  0.2824074074 1
    0.2870370370  -0.2870370370  0.2870370370 1
    0.2916666667  -0.2916666667  0.2916666667 1
    0.2962962963  -0.2962962963  0.2962962963 1
    0.3009259259  -0.3009259259  0.3009259259 1
    0.3055555556  -0.3055555556  0.3055555556 1
    0.3101851852  -0.3101851852  0.3101851852 1
    0.3148148148  -0.3148148148  0.3148148148 1
    0.3194444444  -0.3194444444  0.3194444444 1
    0.3240740741  -0.3240740741  0.3240740741 1
    0.3287037037  -0.3287037037  0.3287037037 1
    0.3333333333  -0.3333333333  0.3333333333 1
    0.3379629630  -0.3379629630  0.3379629630 1
    0.3425925926  -0.3425925926  0.3425925926 1
    0.3472222222  -0.3472222222  0.3472222222 1
    0.3518518519  -0.3518518519  0.3518518519 1
    0.3564814815  -0.3564814815  0.3564814815 1
    0.3611111111  -0.3611111111  0.3611111111 1
    0.3657407407  -0.3657407407  0.3657407407 1
    0.3703703704  -0.3703703704  0.3703703704 1
    0.3750000000  -0.3750000000  0.3750000000 1
    0.3796296296  -0.3796296296  0.3796296296 1
    0.3842592593  -0.3842592593  0.3842592593 1
    0.3888888889  -0.3888888889  0.3888888889 1
    0.3935185185  -0.3935185185  0.3935185185 1
    0.3981481481  -0.3981481481  0.3981481481 1
    0.4027777778  -0.4027777778  0.4027777778 1
    0.4074074074  -0.4074074074  0.4074074074 1
    0.4120370370  -0.4120370370  0.4120370370 1
    0.4166666667  -0.4166666667  0.4166666667 1
    0.4212962963  -0.4212962963  0.4212962963 1
    0.4259259259  -0.4259259259  0.4259259259 1
    0.4305555556  -0.4305555556  0.4305555556 1
    0.4351851852  -0.4351851852  0.4351851852 1
    0.4398148148  -0.4398148148  0.4398148148 1
    0.4444444444  -0.4444444444  0.4444444444 1
    0.4490740741  -0.4490740741  0.4490740741 1
    0.4537037037  -0.4537037037  0.4537037037 1
    0.4583333333  -0.4583333333  0.4583333333 1
    0.4629629630  -0.4629629630  0.4629629630 1
    0.4675925926  -0.4675925926  0.4675925926 1
    0.4722222222  -0.4722222222  0.4722222222 1
    0.4768518519  -0.4768518519  0.4768518519 1
    0.4814814815  -0.4814814815  0.4814814815 1
    0.4861111111  -0.4861111111  0.4861111111 1
    0.4907407407  -0.4907407407  0.4907407407 1
    0.4953703704  -0.4953703704  0.4953703704 1
    0.5000000000  -0.5000000000  0.5000000000 1
    0.4934210526  -0.4934210526  0.5000000000 1
    0.4868421053  -0.4868421053  0.5000000000 1
    0.4802631579  -0.4802631579  0.5000000000 1
    0.4736842105  -0.4736842105  0.5000000000 1
    0.4671052632  -0.4671052632  0.5000000000 1
    0.4605263158  -0.4605263158  0.5000000000 1
    0.4539473684  -0.4539473684  0.5000000000 1
    0.4473684211  -0.4473684211  0.5000000000 1
    0.4407894737  -0.4407894737  0.5000000000 1
    0.4342105263  -0.4342105263  0.5000000000 1
    0.4276315789  -0.4276315789  0.5000000000 1
    0.4210526316  -0.4210526316  0.5000000000 1
    0.4144736842  -0.4144736842  0.5000000000 1
    0.4078947368  -0.4078947368  0.5000000000 1
    0.4013157895  -0.4013157895  0.5000000000 1
    0.3947368421  -0.3947368421  0.5000000000 1
    0.3881578947  -0.3881578947  0.5000000000 1
    0.3815789474  -0.3815789474  0.5000000000 1
    0.3750000000  -0.3750000000  0.5000000000 1
    0.3684210526  -0.3684210526  0.5000000000 1
    0.3618421053  -0.3618421053  0.5000000000 1
    0.3552631579  -0.3552631579  0.5000000000 1
    0.3486842105  -0.3486842105  0.5000000000 1
    0.3421052632  -0.3421052632  0.5000000000 1
    0.3355263158  -0.3355263158  0.5000000000 1
    0.3289473684  -0.3289473684  0.5000000000 1
    0.3223684211  -0.3223684211  0.5000000000 1
    0.3157894737  -0.3157894737  0.5000000000 1
    0.3092105263  -0.3092105263  0.5000000000 1
    0.3026315789  -0.3026315789  0.5000000000 1
    0.2960526316  -0.2960526316  0.5000000000 1
    0.2894736842  -0.2894736842  0.5000000000 1
    0.2828947368  -0.2828947368  0.5000000000 1
    0.2763157895  -0.2763157895  0.5000000000 1
    0.2697368421  -0.2697368421  0.5000000000 1
    0.2631578947  -0.2631578947  0.5000000000 1
    0.2565789474  -0.2565789474  0.5000000000 1
    0.2500000000  -0.2500000000  0.5000000000 1
    0.2434210526  -0.2434210526  0.5000000000 1
    0.2368421053  -0.2368421053  0.5000000000 1
    0.2302631579  -0.2302631579  0.5000000000 1
    0.2236842105  -0.2236842105  0.5000000000 1
    0.2171052632  -0.2171052632  0.5000000000 1
    0.2105263158  -0.2105263158  0.5000000000 1
    0.2039473684  -0.2039473684  0.5000000000 1
    0.1973684211  -0.1973684211  0.5000000000 1
    0.1907894737  -0.1907894737  0.5000000000 1
    0.1842105263  -0.1842105263  0.5000000000 1
    0.1776315789  -0.1776315789  0.5000000000 1
    0.1710526316  -0.1710526316  0.5000000000 1
    0.1644736842  -0.1644736842  0.5000000000 1
    0.1578947368  -0.1578947368  0.5000000000 1
    0.1513157895  -0.1513157895  0.5000000000 1
    0.1447368421  -0.1447368421  0.5000000000 1
    0.1381578947  -0.1381578947  0.5000000000 1
    0.1315789474  -0.1315789474  0.5000000000 1
    0.1250000000  -0.1250000000  0.5000000000 1
    0.1184210526  -0.1184210526  0.5000000000 1
    0.1118421053  -0.1118421053  0.5000000000 1
    0.1052631579  -0.1052631579  0.5000000000 1
    0.0986842105  -0.0986842105  0.5000000000 1
    0.0921052632  -0.0921052632  0.5000000000 1
    0.0855263158  -0.0855263158  0.5000000000 1
    0.0789473684  -0.0789473684  0.5000000000 1
    0.0723684211  -0.0723684211  0.5000000000 1
    0.0657894737  -0.0657894737  0.5000000000 1
    0.0592105263  -0.0592105263  0.5000000000 1
    0.0526315789  -0.0526315789  0.5000000000 1
    0.0460526316  -0.0460526316  0.5000000000 1
    0.0394736842  -0.0394736842  0.5000000000 1
    0.0328947368  -0.0328947368  0.5000000000 1
    0.0263157895  -0.0263157895  0.5000000000 1
    0.0197368421  -0.0197368421  0.5000000000 1
    0.0131578947  -0.0131578947  0.5000000000 1
    0.0065789474  -0.0065789474  0.5000000000 1
    0.0000000000  0.0000000000  0.5000000000 1
    0.0000000000  0.0000000000  0.4934210526 1
    0.0000000000  0.0000000000  0.4868421053 1
    0.0000000000  0.0000000000  0.4802631579 1
    0.0000000000  0.0000000000  0.4736842105 1
    0.0000000000  0.0000000000  0.4671052632 1
    0.0000000000  0.0000000000  0.4605263158 1
    0.0000000000  0.0000000000  0.4539473684 1
    0.0000000000  0.0000000000  0.4473684211 1
    0.0000000000  0.0000000000  0.4407894737 1
    0.0000000000  0.0000000000  0.4342105263 1
    0.0000000000  0.0000000000  0.4276315789 1
    0.0000000000  0.0000000000  0.4210526316 1
    0.0000000000  0.0000000000  0.4144736842 1
    0.0000000000  0.0000000000  0.4078947368 1
    0.0000000000  0.0000000000  0.4013157895 1
    0.0000000000  0.0000000000  0.3947368421 1
    0.0000000000  0.0000000000  0.3881578947 1
    0.0000000000  0.0000000000  0.3815789474 1
    0.0000000000  0.0000000000  0.3750000000 1
    0.0000000000  0.0000000000  0.3684210526 1
    0.0000000000  0.0000000000  0.3618421053 1
    0.0000000000  0.0000000000  0.3552631579 1
    0.0000000000  0.0000000000  0.3486842105 1
    0.0000000000  0.0000000000  0.3421052632 1
    0.0000000000  0.0000000000  0.3355263158 1
    0.0000000000  0.0000000000  0.3289473684 1
    0.0000000000  0.0000000000  0.3223684211 1
    0.0000000000  0.0000000000  0.3157894737 1
    0.0000000000  0.0000000000  0.3092105263 1
    0.0000000000  0.0000000000  0.3026315789 1
    0.0000000000  0.0000000000  0.2960526316 1
    0.0000000000  0.0000000000  0.2894736842 1
    0.0000000000  0.0000000000  0.2828947368 1
    0.0000000000  0.0000000000  0.2763157895 1
    0.0000000000  0.0000000000  0.2697368421 1
    0.0000000000  0.0000000000  0.2631578947 1
    0.0000000000  0.0000000000  0.2565789474 1
    0.0000000000  0.0000000000  0.2500000000 1
    0.0000000000  0.0000000000  0.2434210526 1
    0.0000000000  0.0000000000  0.2368421053 1
    0.0000000000  0.0000000000  0.2302631579 1
    0.0000000000  0.0000000000  0.2236842105 1
    0.0000000000  0.0000000000  0.2171052632 1
    0.0000000000  0.0000000000  0.2105263158 1
    0.0000000000  0.0000000000  0.2039473684 1
    0.0000000000  0.0000000000  0.1973684211 1
    0.0000000000  0.0000000000  0.1907894737 1
    0.0000000000  0.0000000000  0.1842105263 1
    0.0000000000  0.0000000000  0.1776315789 1
    0.0000000000  0.0000000000  0.1710526316 1
    0.0000000000  0.0000000000  0.1644736842 1
    0.0000000000  0.0000000000  0.1578947368 1
    0.0000000000  0.0000000000  0.1513157895 1
    0.0000000000  0.0000000000  0.1447368421 1
    0.0000000000  0.0000000000  0.1381578947 1
    0.0000000000  0.0000000000  0.1315789474 1
    0.0000000000  0.0000000000  0.1250000000 1
    0.0000000000  0.0000000000  0.1184210526 1
    0.0000000000  0.0000000000  0.1118421053 1
    0.0000000000  0.0000000000  0.1052631579 1
    0.0000000000  0.0000000000  0.0986842105 1
    0.0000000000  0.0000000000  0.0921052632 1
    0.0000000000  0.0000000000  0.0855263158 1
    0.0000000000  0.0000000000  0.0789473684 1
    0.0000000000  0.0000000000  0.0723684211 1
    0.0000000000  0.0000000000  0.0657894737 1
    0.0000000000  0.0000000000  0.0592105263 1
    0.0000000000  0.0000000000  0.0526315789 1
    0.0000000000  0.0000000000  0.0460526316 1
    0.0000000000  0.0000000000  0.0394736842 1
    0.0000000000  0.0000000000  0.0328947368 1
    0.0000000000  0.0000000000  0.0263157895 1
    0.0000000000  0.0000000000  0.0197368421 1
    0.0000000000  0.0000000000  0.0131578947 1
    0.0000000000  0.0000000000  0.0065789474 1
    0.0000000000  0.0000000000  0.0000000000 1
    0.0026881720  0.0026881720  0.0026881720 1
    0.0053763441  0.0053763441  0.0053763441 1
    0.0080645161  0.0080645161  0.0080645161 1
    0.0107526882  0.0107526882  0.0107526882 1
    0.0134408602  0.0134408602  0.0134408602 1
    0.0161290323  0.0161290323  0.0161290323 1
    0.0188172043  0.0188172043  0.0188172043 1
    0.0215053763  0.0215053763  0.0215053763 1
    0.0241935484  0.0241935484  0.0241935484 1
    0.0268817204  0.0268817204  0.0268817204 1
    0.0295698925  0.0295698925  0.0295698925 1
    0.0322580645  0.0322580645  0.0322580645 1
    0.0349462366  0.0349462366  0.0349462366 1
    0.0376344086  0.0376344086  0.0376344086 1
    0.0403225806  0.0403225806  0.0403225806 1
    0.0430107527  0.0430107527  0.0430107527 1
    0.0456989247  0.0456989247  0.0456989247 1
    0.0483870968  0.0483870968  0.0483870968 1
    0.0510752688  0.0510752688  0.0510752688 1
    0.0537634409  0.0537634409  0.0537634409 1
    0.0564516129  0.0564516129  0.0564516129 1
    0.0591397849  0.0591397849  0.0591397849 1
    0.0618279570  0.0618279570  0.0618279570 1
    0.0645161290  0.0645161290  0.0645161290 1
    0.0672043011  0.0672043011  0.0672043011 1
    0.0698924731  0.0698924731  0.0698924731 1
    0.0725806452  0.0725806452  0.0725806452 1
    0.0752688172  0.0752688172  0.0752688172 1
    0.0779569892  0.0779569892  0.0779569892 1
    0.0806451613  0.0806451613  0.0806451613 1
    0.0833333333  0.0833333333  0.0833333333 1
    0.0860215054  0.0860215054  0.0860215054 1
    0.0887096774  0.0887096774  0.0887096774 1
    0.0913978495  0.0913978495  0.0913978495 1
    0.0940860215  0.0940860215  0.0940860215 1
    0.0967741935  0.0967741935  0.0967741935 1
    0.0994623656  0.0994623656  0.0994623656 1
    0.1021505376  0.1021505376  0.1021505376 1
    0.1048387097  0.1048387097  0.1048387097 1
    0.1075268817  0.1075268817  0.1075268817 1
    0.1102150538  0.1102150538  0.1102150538 1
    0.1129032258  0.1129032258  0.1129032258 1
    0.1155913978  0.1155913978  0.1155913978 1
    0.1182795699  0.1182795699  0.1182795699 1
    0.1209677419  0.1209677419  0.1209677419 1
    0.1236559140  0.1236559140  0.1236559140 1
    0.1263440860  0.1263440860  0.1263440860 1
    0.1290322581  0.1290322581  0.1290322581 1
    0.1317204301  0.1317204301  0.1317204301 1
    0.1344086022  0.1344086022  0.1344086022 1
    0.1370967742  0.1370967742  0.1370967742 1
    0.1397849462  0.1397849462  0.1397849462 1
    0.1424731183  0.1424731183  0.1424731183 1
    0.1451612903  0.1451612903  0.1451612903 1
    0.1478494624  0.1478494624  0.1478494624 1
    0.1505376344  0.1505376344  0.1505376344 1
    0.1532258065  0.1532258065  0.1532258065 1
    0.1559139785  0.1559139785  0.1559139785 1
    0.1586021505  0.1586021505  0.1586021505 1
    0.1612903226  0.1612903226  0.1612903226 1
    0.1639784946  0.1639784946  0.1639784946 1
    0.1666666667  0.1666666667  0.1666666667 1
    0.1693548387  0.1693548387  0.1693548387 1
    0.1720430108  0.1720430108  0.1720430108 1
    0.1747311828  0.1747311828  0.1747311828 1
    0.1774193548  0.1774193548  0.1774193548 1
    0.1801075269  0.1801075269  0.1801075269 1
    0.1827956989  0.1827956989  0.1827956989 1
    0.1854838710  0.1854838710  0.1854838710 1
    0.1881720430  0.1881720430  0.1881720430 1
    0.1908602151  0.1908602151  0.1908602151 1
    0.1935483871  0.1935483871  0.1935483871 1
    0.1962365591  0.1962365591  0.1962365591 1
    0.1989247312  0.1989247312  0.1989247312 1
    0.2016129032  0.2016129032  0.2016129032 1
    0.2043010753  0.2043010753  0.2043010753 1
    0.2069892473  0.2069892473  0.2069892473 1
    0.2096774194  0.2096774194  0.2096774194 1
    0.2123655914  0.2123655914  0.2123655914 1
    0.2150537634  0.2150537634  0.2150537634 1
    0.2177419355  0.2177419355  0.2177419355 1
    0.2204301075  0.2204301075  0.2204301075 1
    0.2231182796  0.2231182796  0.2231182796 1
    0.2258064516  0.2258064516  0.2258064516 1
    0.2284946237  0.2284946237  0.2284946237 1
    0.2311827957  0.2311827957  0.2311827957 1
    0.2338709677  0.2338709677  0.2338709677 1
    0.2365591398  0.2365591398  0.2365591398 1
    0.2392473118  0.2392473118  0.2392473118 1
    0.2419354839  0.2419354839  0.2419354839 1
    0.2446236559  0.2446236559  0.2446236559 1
    0.2473118280  0.2473118280  0.2473118280 1
    0.2500000000  0.2500000000  0.2500000000 1
    0.2526881720  0.2419354839  0.2526881720 1
    0.2553763441  0.2338709677  0.2553763441 1
    0.2580645161  0.2258064516  0.2580645161 1
    0.2607526882  0.2177419355  0.2607526882 1
    0.2634408602  0.2096774194  0.2634408602 1
    0.2661290323  0.2016129032  0.2661290323 1
    0.2688172043  0.1935483871  0.2688172043 1
    0.2715053763  0.1854838710  0.2715053763 1
    0.2741935484  0.1774193548  0.2741935484 1
    0.2768817204  0.1693548387  0.2768817204 1
    0.2795698925  0.1612903226  0.2795698925 1
    0.2822580645  0.1532258065  0.2822580645 1
    0.2849462366  0.1451612903  0.2849462366 1
    0.2876344086  0.1370967742  0.2876344086 1
    0.2903225806  0.1290322581  0.2903225806 1
    0.2930107527  0.1209677419  0.2930107527 1
    0.2956989247  0.1129032258  0.2956989247 1
    0.2983870968  0.1048387097  0.2983870968 1
    0.3010752688  0.0967741935  0.3010752688 1
    0.3037634409  0.0887096774  0.3037634409 1
    0.3064516129  0.0806451613  0.3064516129 1
    0.3091397849  0.0725806452  0.3091397849 1
    0.3118279570  0.0645161290  0.3118279570 1
    0.3145161290  0.0564516129  0.3145161290 1
    0.3172043011  0.0483870968  0.3172043011 1
    0.3198924731  0.0403225806  0.3198924731 1
    0.3225806452  0.0322580645  0.3225806452 1
    0.3252688172  0.0241935484  0.3252688172 1
    0.3279569892  0.0161290323  0.3279569892 1
    0.3306451613  0.0080645161  0.3306451613 1
    0.3333333333  0.0000000000  0.3333333333 1
    0.3360215054  -0.0080645161  0.3360215054 1
    0.3387096774  -0.0161290323  0.3387096774 1
    0.3413978495  -0.0241935484  0.3413978495 1
    0.3440860215  -0.0322580645  0.3440860215 1
    0.3467741935  -0.0403225806  0.3467741935 1
    0.3494623656  -0.0483870968  0.3494623656 1
    0.3521505376  -0.0564516129  0.3521505376 1
    0.3548387097  -0.0645161290  0.3548387097 1
    0.3575268817  -0.0725806452  0.3575268817 1
    0.3602150538  -0.0806451613  0.3602150538 1
    0.3629032258  -0.0887096774  0.3629032258 1
    0.3655913978  -0.0967741935  0.3655913978 1
    0.3682795699  -0.1048387097  0.3682795699 1
    0.3709677419  -0.1129032258  0.3709677419 1
    0.3736559140  -0.1209677419  0.3736559140 1
    0.3763440860  -0.1290322581  0.3763440860 1
    0.3790322581  -0.1370967742  0.3790322581 1
    0.3817204301  -0.1451612903  0.3817204301 1
    0.3844086022  -0.1532258065  0.3844086022 1
    0.3870967742  -0.1612903226  0.3870967742 1
    0.3897849462  -0.1693548387  0.3897849462 1
    0.3924731183  -0.1774193548  0.3924731183 1
    0.3951612903  -0.1854838710  0.3951612903 1
    0.3978494624  -0.1935483871  0.3978494624 1
    0.4005376344  -0.2016129032  0.4005376344 1
    0.4032258065  -0.2096774194  0.4032258065 1
    0.4059139785  -0.2177419355  0.4059139785 1
    0.4086021505  -0.2258064516  0.4086021505 1
    0.4112903226  -0.2338709677  0.4112903226 1
    0.4139784946  -0.2419354839  0.4139784946 1
    0.4166666667  -0.2500000000  0.4166666667 1
    0.4193548387  -0.2580645161  0.4193548387 1
    0.4220430108  -0.2661290323  0.4220430108 1
    0.4247311828  -0.2741935484  0.4247311828 1
    0.4274193548  -0.2822580645  0.4274193548 1
    0.4301075269  -0.2903225806  0.4301075269 1
    0.4327956989  -0.2983870968  0.4327956989 1
    0.4354838710  -0.3064516129  0.4354838710 1
    0.4381720430  -0.3145161290  0.4381720430 1
    0.4408602151  -0.3225806452  0.4408602151 1
    0.4435483871  -0.3306451613  0.4435483871 1
    0.4462365591  -0.3387096774  0.4462365591 1
    0.4489247312  -0.3467741935  0.4489247312 1
    0.4516129032  -0.3548387097  0.4516129032 1
    0.4543010753  -0.3629032258  0.4543010753 1
    0.4569892473  -0.3709677419  0.4569892473 1
    0.4596774194  -0.3790322581  0.4596774194 1
    0.4623655914  -0.3870967742  0.4623655914 1
    0.4650537634  -0.3951612903  0.4650537634 1
    0.4677419355  -0.4032258065  0.4677419355 1
    0.4704301075  -0.4112903226  0.4704301075 1
    0.4731182796  -0.4193548387  0.4731182796 1
    0.4758064516  -0.4274193548  0.4758064516 1
    0.4784946237  -0.4354838710  0.4784946237 1
    0.4811827957  -0.4435483871  0.4811827957 1
    0.4838709677  -0.4516129032  0.4838709677 1
    0.4865591398  -0.4596774194  0.4865591398 1
    0.4892473118  -0.4677419355  0.4892473118 1
    0.4919354839  -0.4758064516  0.4919354839 1
    0.4946236559  -0.4838709677  0.4946236559 1
    0.4973118280  -0.4919354839  0.4973118280 1
    0.5000000000  -0.5000000000  0.5000000000 1
