&input
 flfrc='nbti.777.fc',
 q_in_cryst_coord=.TRUE.,
 asr='simple',
 flfrq='nbti.freq',
/
692
    0.0000000000  0.0000000000  0.0000000000 1
    0.0000000000  0.0047619048  0.0000000000 1
    0.0000000000  0.0095238095  0.0000000000 1
    0.0000000000  0.0142857143  0.0000000000 1
    0.0000000000  0.0190476190  0.0000000000 1
    0.0000000000  0.0238095238  0.0000000000 1
    0.0000000000  0.0285714286  0.0000000000 1
    0.0000000000  0.0333333333  0.0000000000 1
    0.0000000000  0.0380952381  0.0000000000 1
    0.0000000000  0.0428571429  0.0000000000 1
    0.0000000000  0.0476190476  0.0000000000 1
    0.0000000000  0.0523809524  0.0000000000 1
    0.0000000000  0.0571428571  0.0000000000 1
    0.0000000000  0.0619047619  0.0000000000 1
    0.0000000000  0.0666666667  0.0000000000 1
    0.0000000000  0.0714285714  0.0000000000 1
    0.0000000000  0.0761904762  0.0000000000 1
    0.0000000000  0.0809523810  0.0000000000 1
    0.0000000000  0.0857142857  0.0000000000 1
    0.0000000000  0.0904761905  0.0000000000 1
    0.0000000000  0.0952380952  0.0000000000 1
    0.0000000000  0.1000000000  0.0000000000 1
    0.0000000000  0.1047619048  0.0000000000 1
    0.0000000000  0.1095238095  0.0000000000 1
    0.0000000000  0.1142857143  0.0000000000 1
    0.0000000000  0.1190476190  0.0000000000 1
    0.0000000000  0.1238095238  0.0000000000 1
    0.0000000000  0.1285714286  0.0000000000 1
    0.0000000000  0.1333333333  0.0000000000 1
    0.0000000000  0.1380952381  0.0000000000 1
    0.0000000000  0.1428571429  0.0000000000 1
    0.0000000000  0.1476190476  0.0000000000 1
    0.0000000000  0.1523809524  0.0000000000 1
    0.0000000000  0.1571428571  0.0000000000 1
    0.0000000000  0.1619047619  0.0000000000 1
    0.0000000000  0.1666666667  0.0000000000 1
    0.0000000000  0.1714285714  0.0000000000 1
    0.0000000000  0.1761904762  0.0000000000 1
    0.0000000000  0.1809523810  0.0000000000 1
    0.0000000000  0.1857142857  0.0000000000 1
    0.0000000000  0.1904761905  0.0000000000 1
    0.0000000000  0.1952380952  0.0000000000 1
    0.0000000000  0.2000000000  0.0000000000 1
    0.0000000000  0.2047619048  0.0000000000 1
    0.0000000000  0.2095238095  0.0000000000 1
    0.0000000000  0.2142857143  0.0000000000 1
    0.0000000000  0.2190476190  0.0000000000 1
    0.0000000000  0.2238095238  0.0000000000 1
    0.0000000000  0.2285714286  0.0000000000 1
    0.0000000000  0.2333333333  0.0000000000 1
    0.0000000000  0.2380952381  0.0000000000 1
    0.0000000000  0.2428571429  0.0000000000 1
    0.0000000000  0.2476190476  0.0000000000 1
    0.0000000000  0.2523809524  0.0000000000 1
    0.0000000000  0.2571428571  0.0000000000 1
    0.0000000000  0.2619047619  0.0000000000 1
    0.0000000000  0.2666666667  0.0000000000 1
    0.0000000000  0.2714285714  0.0000000000 1
    0.0000000000  0.2761904762  0.0000000000 1
    0.0000000000  0.2809523810  0.0000000000 1
    0.0000000000  0.2857142857  0.0000000000 1
    0.0000000000  0.2904761905  0.0000000000 1
    0.0000000000  0.2952380952  0.0000000000 1
    0.0000000000  0.3000000000  0.0000000000 1
    0.0000000000  0.3047619048  0.0000000000 1
    0.0000000000  0.3095238095  0.0000000000 1
    0.0000000000  0.3142857143  0.0000000000 1
    0.0000000000  0.3190476190  0.0000000000 1
    0.0000000000  0.3238095238  0.0000000000 1
    0.0000000000  0.3285714286  0.0000000000 1
    0.0000000000  0.3333333333  0.0000000000 1
    0.0000000000  0.3380952381  0.0000000000 1
    0.0000000000  0.3428571429  0.0000000000 1
    0.0000000000  0.3476190476  0.0000000000 1
    0.0000000000  0.3523809524  0.0000000000 1
    0.0000000000  0.3571428571  0.0000000000 1
    0.0000000000  0.3619047619  0.0000000000 1
    0.0000000000  0.3666666667  0.0000000000 1
    0.0000000000  0.3714285714  0.0000000000 1
    0.0000000000  0.3761904762  0.0000000000 1
    0.0000000000  0.3809523810  0.0000000000 1
    0.0000000000  0.3857142857  0.0000000000 1
    0.0000000000  0.3904761905  0.0000000000 1
    0.0000000000  0.3952380952  0.0000000000 1
    0.0000000000  0.4000000000  0.0000000000 1
    0.0000000000  0.4047619048  0.0000000000 1
    0.0000000000  0.4095238095  0.0000000000 1
    0.0000000000  0.4142857143  0.0000000000 1
    0.0000000000  0.4190476190  0.0000000000 1
    0.0000000000  0.4238095238  0.0000000000 1
    0.0000000000  0.4285714286  0.0000000000 1
    0.0000000000  0.4333333333  0.0000000000 1
    0.0000000000  0.4380952381  0.0000000000 1
    0.0000000000  0.4428571429  0.0000000000 1
    0.0000000000  0.4476190476  0.0000000000 1
    0.0000000000  0.4523809524  0.0000000000 1
    0.0000000000  0.4571428571  0.0000000000 1
    0.0000000000  0.4619047619  0.0000000000 1
    0.0000000000  0.4666666667  0.0000000000 1
    0.0000000000  0.4714285714  0.0000000000 1
    0.0000000000  0.4761904762  0.0000000000 1
    0.0000000000  0.4809523810  0.0000000000 1
    0.0000000000  0.4857142857  0.0000000000 1
    0.0000000000  0.4904761905  0.0000000000 1
    0.0000000000  0.4952380952  0.0000000000 1
    0.0000000000  0.5000000000  0.0000000000 1
    0.0047619048  0.5000000000  0.0000000000 1
    0.0095238095  0.5000000000  0.0000000000 1
    0.0142857143  0.5000000000  0.0000000000 1
    0.0190476190  0.5000000000  0.0000000000 1
    0.0238095238  0.5000000000  0.0000000000 1
    0.0285714286  0.5000000000  0.0000000000 1
    0.0333333333  0.5000000000  0.0000000000 1
    0.0380952381  0.5000000000  0.0000000000 1
    0.0428571429  0.5000000000  0.0000000000 1
    0.0476190476  0.5000000000  0.0000000000 1
    0.0523809524  0.5000000000  0.0000000000 1
    0.0571428571  0.5000000000  0.0000000000 1
    0.0619047619  0.5000000000  0.0000000000 1
    0.0666666667  0.5000000000  0.0000000000 1
    0.0714285714  0.5000000000  0.0000000000 1
    0.0761904762  0.5000000000  0.0000000000 1
    0.0809523810  0.5000000000  0.0000000000 1
    0.0857142857  0.5000000000  0.0000000000 1
    0.0904761905  0.5000000000  0.0000000000 1
    0.0952380952  0.5000000000  0.0000000000 1
    0.1000000000  0.5000000000  0.0000000000 1
    0.1047619048  0.5000000000  0.0000000000 1
    0.1095238095  0.5000000000  0.0000000000 1
    0.1142857143  0.5000000000  0.0000000000 1
    0.1190476190  0.5000000000  0.0000000000 1
    0.1238095238  0.5000000000  0.0000000000 1
    0.1285714286  0.5000000000  0.0000000000 1
    0.1333333333  0.5000000000  0.0000000000 1
    0.1380952381  0.5000000000  0.0000000000 1
    0.1428571429  0.5000000000  0.0000000000 1
    0.1476190476  0.5000000000  0.0000000000 1
    0.1523809524  0.5000000000  0.0000000000 1
    0.1571428571  0.5000000000  0.0000000000 1
    0.1619047619  0.5000000000  0.0000000000 1
    0.1666666667  0.5000000000  0.0000000000 1
    0.1714285714  0.5000000000  0.0000000000 1
    0.1761904762  0.5000000000  0.0000000000 1
    0.1809523810  0.5000000000  0.0000000000 1
    0.1857142857  0.5000000000  0.0000000000 1
    0.1904761905  0.5000000000  0.0000000000 1
    0.1952380952  0.5000000000  0.0000000000 1
    0.2000000000  0.5000000000  0.0000000000 1
    0.2047619048  0.5000000000  0.0000000000 1
    0.2095238095  0.5000000000  0.0000000000 1
    0.2142857143  0.5000000000  0.0000000000 1
    0.2190476190  0.5000000000  0.0000000000 1
    0.2238095238  0.5000000000  0.0000000000 1
    0.2285714286  0.5000000000  0.0000000000 1
    0.2333333333  0.5000000000  0.0000000000 1
    0.2380952381  0.5000000000  0.0000000000 1
    0.2428571429  0.5000000000  0.0000000000 1
    0.2476190476  0.5000000000  0.0000000000 1
    0.2523809524  0.5000000000  0.0000000000 1
    0.2571428571  0.5000000000  0.0000000000 1
    0.2619047619  0.5000000000  0.0000000000 1
    0.2666666667  0.5000000000  0.0000000000 1
    0.2714285714  0.5000000000  0.0000000000 1
    0.2761904762  0.5000000000  0.0000000000 1
    0.2809523810  0.5000000000  0.0000000000 1
    0.2857142857  0.5000000000  0.0000000000 1
    0.2904761905  0.5000000000  0.0000000000 1
    0.2952380952  0.5000000000  0.0000000000 1
    0.3000000000  0.5000000000  0.0000000000 1
    0.3047619048  0.5000000000  0.0000000000 1
    0.3095238095  0.5000000000  0.0000000000 1
    0.3142857143  0.5000000000  0.0000000000 1
    0.3190476190  0.5000000000  0.0000000000 1
    0.3238095238  0.5000000000  0.0000000000 1
    0.3285714286  0.5000000000  0.0000000000 1
    0.3333333333  0.5000000000  0.0000000000 1
    0.3380952381  0.5000000000  0.0000000000 1
    0.3428571429  0.5000000000  0.0000000000 1
    0.3476190476  0.5000000000  0.0000000000 1
    0.3523809524  0.5000000000  0.0000000000 1
    0.3571428571  0.5000000000  0.0000000000 1
    0.3619047619  0.5000000000  0.0000000000 1
    0.3666666667  0.5000000000  0.0000000000 1
    0.3714285714  0.5000000000  0.0000000000 1
    0.3761904762  0.5000000000  0.0000000000 1
    0.3809523810  0.5000000000  0.0000000000 1
    0.3857142857  0.5000000000  0.0000000000 1
    0.3904761905  0.5000000000  0.0000000000 1
    0.3952380952  0.5000000000  0.0000000000 1
    0.4000000000  0.5000000000  0.0000000000 1
    0.4047619048  0.5000000000  0.0000000000 1
    0.4095238095  0.5000000000  0.0000000000 1
    0.4142857143  0.5000000000  0.0000000000 1
    0.4190476190  0.5000000000  0.0000000000 1
    0.4238095238  0.5000000000  0.0000000000 1
    0.4285714286  0.5000000000  0.0000000000 1
    0.4333333333  0.5000000000  0.0000000000 1
    0.4380952381  0.5000000000  0.0000000000 1
    0.4428571429  0.5000000000  0.0000000000 1
    0.4476190476  0.5000000000  0.0000000000 1
    0.4523809524  0.5000000000  0.0000000000 1
    0.4571428571  0.5000000000  0.0000000000 1
    0.4619047619  0.5000000000  0.0000000000 1
    0.4666666667  0.5000000000  0.0000000000 1
    0.4714285714  0.5000000000  0.0000000000 1
    0.4761904762  0.5000000000  0.0000000000 1
    0.4809523810  0.5000000000  0.0000000000 1
    0.4857142857  0.5000000000  0.0000000000 1
    0.4904761905  0.5000000000  0.0000000000 1
    0.4952380952  0.5000000000  0.0000000000 1
    0.5000000000  0.5000000000  0.0000000000 1
    0.4966442953  0.4966442953  0.0000000000 1
    0.4932885906  0.4932885906  0.0000000000 1
    0.4899328859  0.4899328859  0.0000000000 1
    0.4865771812  0.4865771812  0.0000000000 1
    0.4832214765  0.4832214765  0.0000000000 1
    0.4798657718  0.4798657718  0.0000000000 1
    0.4765100671  0.4765100671  0.0000000000 1
    0.4731543624  0.4731543624  0.0000000000 1
    0.4697986577  0.4697986577  0.0000000000 1
    0.4664429530  0.4664429530  0.0000000000 1
    0.4630872483  0.4630872483  0.0000000000 1
    0.4597315436  0.4597315436  0.0000000000 1
    0.4563758389  0.4563758389  0.0000000000 1
    0.4530201342  0.4530201342  0.0000000000 1
    0.4496644295  0.4496644295  0.0000000000 1
    0.4463087248  0.4463087248  0.0000000000 1
    0.4429530201  0.4429530201  0.0000000000 1
    0.4395973154  0.4395973154  0.0000000000 1
    0.4362416107  0.4362416107  0.0000000000 1
    0.4328859060  0.4328859060  0.0000000000 1
    0.4295302013  0.4295302013  0.0000000000 1
    0.4261744966  0.4261744966  0.0000000000 1
    0.4228187919  0.4228187919  0.0000000000 1
    0.4194630872  0.4194630872  0.0000000000 1
    0.4161073826  0.4161073826  0.0000000000 1
    0.4127516779  0.4127516779  0.0000000000 1
    0.4093959732  0.4093959732  0.0000000000 1
    0.4060402685  0.4060402685  0.0000000000 1
    0.4026845638  0.4026845638  0.0000000000 1
    0.3993288591  0.3993288591  0.0000000000 1
    0.3959731544  0.3959731544  0.0000000000 1
    0.3926174497  0.3926174497  0.0000000000 1
    0.3892617450  0.3892617450  0.0000000000 1
    0.3859060403  0.3859060403  0.0000000000 1
    0.3825503356  0.3825503356  0.0000000000 1
    0.3791946309  0.3791946309  0.0000000000 1
    0.3758389262  0.3758389262  0.0000000000 1
    0.3724832215  0.3724832215  0.0000000000 1
    0.3691275168  0.3691275168  0.0000000000 1
    0.3657718121  0.3657718121  0.0000000000 1
    0.3624161074  0.3624161074  0.0000000000 1
    0.3590604027  0.3590604027  0.0000000000 1
    0.3557046980  0.3557046980  0.0000000000 1
    0.3523489933  0.3523489933  0.0000000000 1
    0.3489932886  0.3489932886  0.0000000000 1
    0.3456375839  0.3456375839  0.0000000000 1
    0.3422818792  0.3422818792  0.0000000000 1
    0.3389261745  0.3389261745  0.0000000000 1
    0.3355704698  0.3355704698  0.0000000000 1
    0.3322147651  0.3322147651  0.0000000000 1
    0.3288590604  0.3288590604  0.0000000000 1
    0.3255033557  0.3255033557  0.0000000000 1
    0.3221476510  0.3221476510  0.0000000000 1
    0.3187919463  0.3187919463  0.0000000000 1
    0.3154362416  0.3154362416  0.0000000000 1
    0.3120805369  0.3120805369  0.0000000000 1
    0.3087248322  0.3087248322  0.0000000000 1
    0.3053691275  0.3053691275  0.0000000000 1
    0.3020134228  0.3020134228  0.0000000000 1
    0.2986577181  0.2986577181  0.0000000000 1
    0.2953020134  0.2953020134  0.0000000000 1
    0.2919463087  0.2919463087  0.0000000000 1
    0.2885906040  0.2885906040  0.0000000000 1
    0.2852348993  0.2852348993  0.0000000000 1
    0.2818791946  0.2818791946  0.0000000000 1
    0.2785234899  0.2785234899  0.0000000000 1
    0.2751677852  0.2751677852  0.0000000000 1
    0.2718120805  0.2718120805  0.0000000000 1
    0.2684563758  0.2684563758  0.0000000000 1
    0.2651006711  0.2651006711  0.0000000000 1
    0.2617449664  0.2617449664  0.0000000000 1
    0.2583892617  0.2583892617  0.0000000000 1
    0.2550335570  0.2550335570  0.0000000000 1
    0.2516778523  0.2516778523  0.0000000000 1
    0.2483221477  0.2483221477  0.0000000000 1
    0.2449664430  0.2449664430  0.0000000000 1
    0.2416107383  0.2416107383  0.0000000000 1
    0.2382550336  0.2382550336  0.0000000000 1
    0.2348993289  0.2348993289  0.0000000000 1
    0.2315436242  0.2315436242  0.0000000000 1
    0.2281879195  0.2281879195  0.0000000000 1
    0.2248322148  0.2248322148  0.0000000000 1
    0.2214765101  0.2214765101  0.0000000000 1
    0.2181208054  0.2181208054  0.0000000000 1
    0.2147651007  0.2147651007  0.0000000000 1
    0.2114093960  0.2114093960  0.0000000000 1
    0.2080536913  0.2080536913  0.0000000000 1
    0.2046979866  0.2046979866  0.0000000000 1
    0.2013422819  0.2013422819  0.0000000000 1
    0.1979865772  0.1979865772  0.0000000000 1
    0.1946308725  0.1946308725  0.0000000000 1
    0.1912751678  0.1912751678  0.0000000000 1
    0.1879194631  0.1879194631  0.0000000000 1
    0.1845637584  0.1845637584  0.0000000000 1
    0.1812080537  0.1812080537  0.0000000000 1
    0.1778523490  0.1778523490  0.0000000000 1
    0.1744966443  0.1744966443  0.0000000000 1
    0.1711409396  0.1711409396  0.0000000000 1
    0.1677852349  0.1677852349  0.0000000000 1
    0.1644295302  0.1644295302  0.0000000000 1
    0.1610738255  0.1610738255  0.0000000000 1
    0.1577181208  0.1577181208  0.0000000000 1
    0.1543624161  0.1543624161  0.0000000000 1
    0.1510067114  0.1510067114  0.0000000000 1
    0.1476510067  0.1476510067  0.0000000000 1
    0.1442953020  0.1442953020  0.0000000000 1
    0.1409395973  0.1409395973  0.0000000000 1
    0.1375838926  0.1375838926  0.0000000000 1
    0.1342281879  0.1342281879  0.0000000000 1
    0.1308724832  0.1308724832  0.0000000000 1
    0.1275167785  0.1275167785  0.0000000000 1
    0.1241610738  0.1241610738  0.0000000000 1
    0.1208053691  0.1208053691  0.0000000000 1
    0.1174496644  0.1174496644  0.0000000000 1
    0.1140939597  0.1140939597  0.0000000000 1
    0.1107382550  0.1107382550  0.0000000000 1
    0.1073825503  0.1073825503  0.0000000000 1
    0.1040268456  0.1040268456  0.0000000000 1
    0.1006711409  0.1006711409  0.0000000000 1
    0.0973154362  0.0973154362  0.0000000000 1
    0.0939597315  0.0939597315  0.0000000000 1
    0.0906040268  0.0906040268  0.0000000000 1
    0.0872483221  0.0872483221  0.0000000000 1
    0.0838926174  0.0838926174  0.0000000000 1
    0.0805369128  0.0805369128  0.0000000000 1
    0.0771812081  0.0771812081  0.0000000000 1
    0.0738255034  0.0738255034  0.0000000000 1
    0.0704697987  0.0704697987  0.0000000000 1
    0.0671140940  0.0671140940  0.0000000000 1
    0.0637583893  0.0637583893  0.0000000000 1
    0.0604026846  0.0604026846  0.0000000000 1
    0.0570469799  0.0570469799  0.0000000000 1
    0.0536912752  0.0536912752  0.0000000000 1
    0.0503355705  0.0503355705  0.0000000000 1
    0.0469798658  0.0469798658  0.0000000000 1
    0.0436241611  0.0436241611  0.0000000000 1
    0.0402684564  0.0402684564  0.0000000000 1
    0.0369127517  0.0369127517  0.0000000000 1
    0.0335570470  0.0335570470  0.0000000000 1
    0.0302013423  0.0302013423  0.0000000000 1
    0.0268456376  0.0268456376  0.0000000000 1
    0.0234899329  0.0234899329  0.0000000000 1
    0.0201342282  0.0201342282  0.0000000000 1
    0.0167785235  0.0167785235  0.0000000000 1
    0.0134228188  0.0134228188  0.0000000000 1
    0.0100671141  0.0100671141  0.0000000000 1
    0.0067114094  0.0067114094  0.0000000000 1
    0.0033557047  0.0033557047  0.0000000000 1
    0.0000000000  0.0000000000  0.0000000000 1
    0.0027322404  0.0027322404  0.0027322404 1
    0.0054644809  0.0054644809  0.0054644809 1
    0.0081967213  0.0081967213  0.0081967213 1
    0.0109289617  0.0109289617  0.0109289617 1
    0.0136612022  0.0136612022  0.0136612022 1
    0.0163934426  0.0163934426  0.0163934426 1
    0.0191256831  0.0191256831  0.0191256831 1
    0.0218579235  0.0218579235  0.0218579235 1
    0.0245901639  0.0245901639  0.0245901639 1
    0.0273224044  0.0273224044  0.0273224044 1
    0.0300546448  0.0300546448  0.0300546448 1
    0.0327868852  0.0327868852  0.0327868852 1
    0.0355191257  0.0355191257  0.0355191257 1
    0.0382513661  0.0382513661  0.0382513661 1
    0.0409836066  0.0409836066  0.0409836066 1
    0.0437158470  0.0437158470  0.0437158470 1
    0.0464480874  0.0464480874  0.0464480874 1
    0.0491803279  0.0491803279  0.0491803279 1
    0.0519125683  0.0519125683  0.0519125683 1
    0.0546448087  0.0546448087  0.0546448087 1
    0.0573770492  0.0573770492  0.0573770492 1
    0.0601092896  0.0601092896  0.0601092896 1
    0.0628415301  0.0628415301  0.0628415301 1
    0.0655737705  0.0655737705  0.0655737705 1
    0.0683060109  0.0683060109  0.0683060109 1
    0.0710382514  0.0710382514  0.0710382514 1
    0.0737704918  0.0737704918  0.0737704918 1
    0.0765027322  0.0765027322  0.0765027322 1
    0.0792349727  0.0792349727  0.0792349727 1
    0.0819672131  0.0819672131  0.0819672131 1
    0.0846994536  0.0846994536  0.0846994536 1
    0.0874316940  0.0874316940  0.0874316940 1
    0.0901639344  0.0901639344  0.0901639344 1
    0.0928961749  0.0928961749  0.0928961749 1
    0.0956284153  0.0956284153  0.0956284153 1
    0.0983606557  0.0983606557  0.0983606557 1
    0.1010928962  0.1010928962  0.1010928962 1
    0.1038251366  0.1038251366  0.1038251366 1
    0.1065573770  0.1065573770  0.1065573770 1
    0.1092896175  0.1092896175  0.1092896175 1
    0.1120218579  0.1120218579  0.1120218579 1
    0.1147540984  0.1147540984  0.1147540984 1
    0.1174863388  0.1174863388  0.1174863388 1
    0.1202185792  0.1202185792  0.1202185792 1
    0.1229508197  0.1229508197  0.1229508197 1
    0.1256830601  0.1256830601  0.1256830601 1
    0.1284153005  0.1284153005  0.1284153005 1
    0.1311475410  0.1311475410  0.1311475410 1
    0.1338797814  0.1338797814  0.1338797814 1
    0.1366120219  0.1366120219  0.1366120219 1
    0.1393442623  0.1393442623  0.1393442623 1
    0.1420765027  0.1420765027  0.1420765027 1
    0.1448087432  0.1448087432  0.1448087432 1
    0.1475409836  0.1475409836  0.1475409836 1
    0.1502732240  0.1502732240  0.1502732240 1
    0.1530054645  0.1530054645  0.1530054645 1
    0.1557377049  0.1557377049  0.1557377049 1
    0.1584699454  0.1584699454  0.1584699454 1
    0.1612021858  0.1612021858  0.1612021858 1
    0.1639344262  0.1639344262  0.1639344262 1
    0.1666666667  0.1666666667  0.1666666667 1
    0.1693989071  0.1693989071  0.1693989071 1
    0.1721311475  0.1721311475  0.1721311475 1
    0.1748633880  0.1748633880  0.1748633880 1
    0.1775956284  0.1775956284  0.1775956284 1
    0.1803278689  0.1803278689  0.1803278689 1
    0.1830601093  0.1830601093  0.1830601093 1
    0.1857923497  0.1857923497  0.1857923497 1
    0.1885245902  0.1885245902  0.1885245902 1
    0.1912568306  0.1912568306  0.1912568306 1
    0.1939890710  0.1939890710  0.1939890710 1
    0.1967213115  0.1967213115  0.1967213115 1
    0.1994535519  0.1994535519  0.1994535519 1
    0.2021857923  0.2021857923  0.2021857923 1
    0.2049180328  0.2049180328  0.2049180328 1
    0.2076502732  0.2076502732  0.2076502732 1
    0.2103825137  0.2103825137  0.2103825137 1
    0.2131147541  0.2131147541  0.2131147541 1
    0.2158469945  0.2158469945  0.2158469945 1
    0.2185792350  0.2185792350  0.2185792350 1
    0.2213114754  0.2213114754  0.2213114754 1
    0.2240437158  0.2240437158  0.2240437158 1
    0.2267759563  0.2267759563  0.2267759563 1
    0.2295081967  0.2295081967  0.2295081967 1
    0.2322404372  0.2322404372  0.2322404372 1
    0.2349726776  0.2349726776  0.2349726776 1
    0.2377049180  0.2377049180  0.2377049180 1
    0.2404371585  0.2404371585  0.2404371585 1
    0.2431693989  0.2431693989  0.2431693989 1
    0.2459016393  0.2459016393  0.2459016393 1
    0.2486338798  0.2486338798  0.2486338798 1
    0.2513661202  0.2513661202  0.2513661202 1
    0.2540983607  0.2540983607  0.2540983607 1
    0.2568306011  0.2568306011  0.2568306011 1
    0.2595628415  0.2595628415  0.2595628415 1
    0.2622950820  0.2622950820  0.2622950820 1
    0.2650273224  0.2650273224  0.2650273224 1
    0.2677595628  0.2677595628  0.2677595628 1
    0.2704918033  0.2704918033  0.2704918033 1
    0.2732240437  0.2732240437  0.2732240437 1
    0.2759562842  0.2759562842  0.2759562842 1
    0.2786885246  0.2786885246  0.2786885246 1
    0.2814207650  0.2814207650  0.2814207650 1
    0.2841530055  0.2841530055  0.2841530055 1
    0.2868852459  0.2868852459  0.2868852459 1
    0.2896174863  0.2896174863  0.2896174863 1
    0.2923497268  0.2923497268  0.2923497268 1
    0.2950819672  0.2950819672  0.2950819672 1
    0.2978142077  0.2978142077  0.2978142077 1
    0.3005464481  0.3005464481  0.3005464481 1
    0.3032786885  0.3032786885  0.3032786885 1
    0.3060109290  0.3060109290  0.3060109290 1
    0.3087431694  0.3087431694  0.3087431694 1
    0.3114754098  0.3114754098  0.3114754098 1
    0.3142076503  0.3142076503  0.3142076503 1
    0.3169398907  0.3169398907  0.3169398907 1
    0.3196721311  0.3196721311  0.3196721311 1
    0.3224043716  0.3224043716  0.3224043716 1
    0.3251366120  0.3251366120  0.3251366120 1
    0.3278688525  0.3278688525  0.3278688525 1
    0.3306010929  0.3306010929  0.3306010929 1
    0.3333333333  0.3333333333  0.3333333333 1
    0.3360655738  0.3360655738  0.3360655738 1
    0.3387978142  0.3387978142  0.3387978142 1
    0.3415300546  0.3415300546  0.3415300546 1
    0.3442622951  0.3442622951  0.3442622951 1
    0.3469945355  0.3469945355  0.3469945355 1
    0.3497267760  0.3497267760  0.3497267760 1
    0.3524590164  0.3524590164  0.3524590164 1
    0.3551912568  0.3551912568  0.3551912568 1
    0.3579234973  0.3579234973  0.3579234973 1
    0.3606557377  0.3606557377  0.3606557377 1
    0.3633879781  0.3633879781  0.3633879781 1
    0.3661202186  0.3661202186  0.3661202186 1
    0.3688524590  0.3688524590  0.3688524590 1
    0.3715846995  0.3715846995  0.3715846995 1
    0.3743169399  0.3743169399  0.3743169399 1
    0.3770491803  0.3770491803  0.3770491803 1
    0.3797814208  0.3797814208  0.3797814208 1
    0.3825136612  0.3825136612  0.3825136612 1
    0.3852459016  0.3852459016  0.3852459016 1
    0.3879781421  0.3879781421  0.3879781421 1
    0.3907103825  0.3907103825  0.3907103825 1
    0.3934426230  0.3934426230  0.3934426230 1
    0.3961748634  0.3961748634  0.3961748634 1
    0.3989071038  0.3989071038  0.3989071038 1
    0.4016393443  0.4016393443  0.4016393443 1
    0.4043715847  0.4043715847  0.4043715847 1
    0.4071038251  0.4071038251  0.4071038251 1
    0.4098360656  0.4098360656  0.4098360656 1
    0.4125683060  0.4125683060  0.4125683060 1
    0.4153005464  0.4153005464  0.4153005464 1
    0.4180327869  0.4180327869  0.4180327869 1
    0.4207650273  0.4207650273  0.4207650273 1
    0.4234972678  0.4234972678  0.4234972678 1
    0.4262295082  0.4262295082  0.4262295082 1
    0.4289617486  0.4289617486  0.4289617486 1
    0.4316939891  0.4316939891  0.4316939891 1
    0.4344262295  0.4344262295  0.4344262295 1
    0.4371584699  0.4371584699  0.4371584699 1
    0.4398907104  0.4398907104  0.4398907104 1
    0.4426229508  0.4426229508  0.4426229508 1
    0.4453551913  0.4453551913  0.4453551913 1
    0.4480874317  0.4480874317  0.4480874317 1
    0.4508196721  0.4508196721  0.4508196721 1
    0.4535519126  0.4535519126  0.4535519126 1
    0.4562841530  0.4562841530  0.4562841530 1
    0.4590163934  0.4590163934  0.4590163934 1
    0.4617486339  0.4617486339  0.4617486339 1
    0.4644808743  0.4644808743  0.4644808743 1
    0.4672131148  0.4672131148  0.4672131148 1
    0.4699453552  0.4699453552  0.4699453552 1
    0.4726775956  0.4726775956  0.4726775956 1
    0.4754098361  0.4754098361  0.4754098361 1
    0.4781420765  0.4781420765  0.4781420765 1
    0.4808743169  0.4808743169  0.4808743169 1
    0.4836065574  0.4836065574  0.4836065574 1
    0.4863387978  0.4863387978  0.4863387978 1
    0.4890710383  0.4890710383  0.4890710383 1
    0.4918032787  0.4918032787  0.4918032787 1
    0.4945355191  0.4945355191  0.4945355191 1
    0.4972677596  0.4972677596  0.4972677596 1
    0.5000000000  0.5000000000  0.5000000000 1
    0.4966442953  0.5000000000  0.4966442953 1
    0.4932885906  0.5000000000  0.4932885906 1
    0.4899328859  0.5000000000  0.4899328859 1
    0.4865771812  0.5000000000  0.4865771812 1
    0.4832214765  0.5000000000  0.4832214765 1
    0.4798657718  0.5000000000  0.4798657718 1
    0.4765100671  0.5000000000  0.4765100671 1
    0.4731543624  0.5000000000  0.4731543624 1
    0.4697986577  0.5000000000  0.4697986577 1
    0.4664429530  0.5000000000  0.4664429530 1
    0.4630872483  0.5000000000  0.4630872483 1
    0.4597315436  0.5000000000  0.4597315436 1
    0.4563758389  0.5000000000  0.4563758389 1
    0.4530201342  0.5000000000  0.4530201342 1
    0.4496644295  0.5000000000  0.4496644295 1
    0.4463087248  0.5000000000  0.4463087248 1
    0.4429530201  0.5000000000  0.4429530201 1
    0.4395973154  0.5000000000  0.4395973154 1
    0.4362416107  0.5000000000  0.4362416107 1
    0.4328859060  0.5000000000  0.4328859060 1
    0.4295302013  0.5000000000  0.4295302013 1
    0.4261744966  0.5000000000  0.4261744966 1
    0.4228187919  0.5000000000  0.4228187919 1
    0.4194630872  0.5000000000  0.4194630872 1
    0.4161073826  0.5000000000  0.4161073826 1
    0.4127516779  0.5000000000  0.4127516779 1
    0.4093959732  0.5000000000  0.4093959732 1
    0.4060402685  0.5000000000  0.4060402685 1
    0.4026845638  0.5000000000  0.4026845638 1
    0.3993288591  0.5000000000  0.3993288591 1
    0.3959731544  0.5000000000  0.3959731544 1
    0.3926174497  0.5000000000  0.3926174497 1
    0.3892617450  0.5000000000  0.3892617450 1
    0.3859060403  0.5000000000  0.3859060403 1
    0.3825503356  0.5000000000  0.3825503356 1
    0.3791946309  0.5000000000  0.3791946309 1
    0.3758389262  0.5000000000  0.3758389262 1
    0.3724832215  0.5000000000  0.3724832215 1
    0.3691275168  0.5000000000  0.3691275168 1
    0.3657718121  0.5000000000  0.3657718121 1
    0.3624161074  0.5000000000  0.3624161074 1
    0.3590604027  0.5000000000  0.3590604027 1
    0.3557046980  0.5000000000  0.3557046980 1
    0.3523489933  0.5000000000  0.3523489933 1
    0.3489932886  0.5000000000  0.3489932886 1
    0.3456375839  0.5000000000  0.3456375839 1
    0.3422818792  0.5000000000  0.3422818792 1
    0.3389261745  0.5000000000  0.3389261745 1
    0.3355704698  0.5000000000  0.3355704698 1
    0.3322147651  0.5000000000  0.3322147651 1
    0.3288590604  0.5000000000  0.3288590604 1
    0.3255033557  0.5000000000  0.3255033557 1
    0.3221476510  0.5000000000  0.3221476510 1
    0.3187919463  0.5000000000  0.3187919463 1
    0.3154362416  0.5000000000  0.3154362416 1
    0.3120805369  0.5000000000  0.3120805369 1
    0.3087248322  0.5000000000  0.3087248322 1
    0.3053691275  0.5000000000  0.3053691275 1
    0.3020134228  0.5000000000  0.3020134228 1
    0.2986577181  0.5000000000  0.2986577181 1
    0.2953020134  0.5000000000  0.2953020134 1
    0.2919463087  0.5000000000  0.2919463087 1
    0.2885906040  0.5000000000  0.2885906040 1
    0.2852348993  0.5000000000  0.2852348993 1
    0.2818791946  0.5000000000  0.2818791946 1
    0.2785234899  0.5000000000  0.2785234899 1
    0.2751677852  0.5000000000  0.2751677852 1
    0.2718120805  0.5000000000  0.2718120805 1
    0.2684563758  0.5000000000  0.2684563758 1
    0.2651006711  0.5000000000  0.2651006711 1
    0.2617449664  0.5000000000  0.2617449664 1
    0.2583892617  0.5000000000  0.2583892617 1
    0.2550335570  0.5000000000  0.2550335570 1
    0.2516778523  0.5000000000  0.2516778523 1
    0.2483221477  0.5000000000  0.2483221477 1
    0.2449664430  0.5000000000  0.2449664430 1
    0.2416107383  0.5000000000  0.2416107383 1
    0.2382550336  0.5000000000  0.2382550336 1
    0.2348993289  0.5000000000  0.2348993289 1
    0.2315436242  0.5000000000  0.2315436242 1
    0.2281879195  0.5000000000  0.2281879195 1
    0.2248322148  0.5000000000  0.2248322148 1
    0.2214765101  0.5000000000  0.2214765101 1
    0.2181208054  0.5000000000  0.2181208054 1
    0.2147651007  0.5000000000  0.2147651007 1
    0.2114093960  0.5000000000  0.2114093960 1
    0.2080536913  0.5000000000  0.2080536913 1
    0.2046979866  0.5000000000  0.2046979866 1
    0.2013422819  0.5000000000  0.2013422819 1
    0.1979865772  0.5000000000  0.1979865772 1
    0.1946308725  0.5000000000  0.1946308725 1
    0.1912751678  0.5000000000  0.1912751678 1
    0.1879194631  0.5000000000  0.1879194631 1
    0.1845637584  0.5000000000  0.1845637584 1
    0.1812080537  0.5000000000  0.1812080537 1
    0.1778523490  0.5000000000  0.1778523490 1
    0.1744966443  0.5000000000  0.1744966443 1
    0.1711409396  0.5000000000  0.1711409396 1
    0.1677852349  0.5000000000  0.1677852349 1
    0.1644295302  0.5000000000  0.1644295302 1
    0.1610738255  0.5000000000  0.1610738255 1
    0.1577181208  0.5000000000  0.1577181208 1
    0.1543624161  0.5000000000  0.1543624161 1
    0.1510067114  0.5000000000  0.1510067114 1
    0.1476510067  0.5000000000  0.1476510067 1
    0.1442953020  0.5000000000  0.1442953020 1
    0.1409395973  0.5000000000  0.1409395973 1
    0.1375838926  0.5000000000  0.1375838926 1
    0.1342281879  0.5000000000  0.1342281879 1
    0.1308724832  0.5000000000  0.1308724832 1
    0.1275167785  0.5000000000  0.1275167785 1
    0.1241610738  0.5000000000  0.1241610738 1
    0.1208053691  0.5000000000  0.1208053691 1
    0.1174496644  0.5000000000  0.1174496644 1
    0.1140939597  0.5000000000  0.1140939597 1
    0.1107382550  0.5000000000  0.1107382550 1
    0.1073825503  0.5000000000  0.1073825503 1
    0.1040268456  0.5000000000  0.1040268456 1
    0.1006711409  0.5000000000  0.1006711409 1
    0.0973154362  0.5000000000  0.0973154362 1
    0.0939597315  0.5000000000  0.0939597315 1
    0.0906040268  0.5000000000  0.0906040268 1
    0.0872483221  0.5000000000  0.0872483221 1
    0.0838926174  0.5000000000  0.0838926174 1
    0.0805369128  0.5000000000  0.0805369128 1
    0.0771812081  0.5000000000  0.0771812081 1
    0.0738255034  0.5000000000  0.0738255034 1
    0.0704697987  0.5000000000  0.0704697987 1
    0.0671140940  0.5000000000  0.0671140940 1
    0.0637583893  0.5000000000  0.0637583893 1
    0.0604026846  0.5000000000  0.0604026846 1
    0.0570469799  0.5000000000  0.0570469799 1
    0.0536912752  0.5000000000  0.0536912752 1
    0.0503355705  0.5000000000  0.0503355705 1
    0.0469798658  0.5000000000  0.0469798658 1
    0.0436241611  0.5000000000  0.0436241611 1
    0.0402684564  0.5000000000  0.0402684564 1
    0.0369127517  0.5000000000  0.0369127517 1
    0.0335570470  0.5000000000  0.0335570470 1
    0.0302013423  0.5000000000  0.0302013423 1
    0.0268456376  0.5000000000  0.0268456376 1
    0.0234899329  0.5000000000  0.0234899329 1
    0.0201342282  0.5000000000  0.0201342282 1
    0.0167785235  0.5000000000  0.0167785235 1
    0.0134228188  0.5000000000  0.0134228188 1
    0.0100671141  0.5000000000  0.0100671141 1
    0.0067114094  0.5000000000  0.0067114094 1
    0.0033557047  0.5000000000  0.0033557047 1
    0.0000000000  0.5000000000  0.0000000000 1
