&input
 flfrc='nbti.666.fc',
 q_in_cryst_coord=.TRUE.,
 asr='simple',
 flfrq='nbti.freq',
/
670
    0.0000000000  0.0000000000  0.0000000000 1
    0.0000000000  0.0049019608  0.0000000000 1
    0.0000000000  0.0098039216  0.0000000000 1
    0.0000000000  0.0147058824  0.0000000000 1
    0.0000000000  0.0196078431  0.0000000000 1
    0.0000000000  0.0245098039  0.0000000000 1
    0.0000000000  0.0294117647  0.0000000000 1
    0.0000000000  0.0343137255  0.0000000000 1
    0.0000000000  0.0392156863  0.0000000000 1
    0.0000000000  0.0441176471  0.0000000000 1
    0.0000000000  0.0490196078  0.0000000000 1
    0.0000000000  0.0539215686  0.0000000000 1
    0.0000000000  0.0588235294  0.0000000000 1
    0.0000000000  0.0637254902  0.0000000000 1
    0.0000000000  0.0686274510  0.0000000000 1
    0.0000000000  0.0735294118  0.0000000000 1
    0.0000000000  0.0784313725  0.0000000000 1
    0.0000000000  0.0833333333  0.0000000000 1
    0.0000000000  0.0882352941  0.0000000000 1
    0.0000000000  0.0931372549  0.0000000000 1
    0.0000000000  0.0980392157  0.0000000000 1
    0.0000000000  0.1029411765  0.0000000000 1
    0.0000000000  0.1078431373  0.0000000000 1
    0.0000000000  0.1127450980  0.0000000000 1
    0.0000000000  0.1176470588  0.0000000000 1
    0.0000000000  0.1225490196  0.0000000000 1
    0.0000000000  0.1274509804  0.0000000000 1
    0.0000000000  0.1323529412  0.0000000000 1
    0.0000000000  0.1372549020  0.0000000000 1
    0.0000000000  0.1421568627  0.0000000000 1
    0.0000000000  0.1470588235  0.0000000000 1
    0.0000000000  0.1519607843  0.0000000000 1
    0.0000000000  0.1568627451  0.0000000000 1
    0.0000000000  0.1617647059  0.0000000000 1
    0.0000000000  0.1666666667  0.0000000000 1
    0.0000000000  0.1715686275  0.0000000000 1
    0.0000000000  0.1764705882  0.0000000000 1
    0.0000000000  0.1813725490  0.0000000000 1
    0.0000000000  0.1862745098  0.0000000000 1
    0.0000000000  0.1911764706  0.0000000000 1
    0.0000000000  0.1960784314  0.0000000000 1
    0.0000000000  0.2009803922  0.0000000000 1
    0.0000000000  0.2058823529  0.0000000000 1
    0.0000000000  0.2107843137  0.0000000000 1
    0.0000000000  0.2156862745  0.0000000000 1
    0.0000000000  0.2205882353  0.0000000000 1
    0.0000000000  0.2254901961  0.0000000000 1
    0.0000000000  0.2303921569  0.0000000000 1
    0.0000000000  0.2352941176  0.0000000000 1
    0.0000000000  0.2401960784  0.0000000000 1
    0.0000000000  0.2450980392  0.0000000000 1
    0.0000000000  0.2500000000  0.0000000000 1
    0.0000000000  0.2549019608  0.0000000000 1
    0.0000000000  0.2598039216  0.0000000000 1
    0.0000000000  0.2647058824  0.0000000000 1
    0.0000000000  0.2696078431  0.0000000000 1
    0.0000000000  0.2745098039  0.0000000000 1
    0.0000000000  0.2794117647  0.0000000000 1
    0.0000000000  0.2843137255  0.0000000000 1
    0.0000000000  0.2892156863  0.0000000000 1
    0.0000000000  0.2941176471  0.0000000000 1
    0.0000000000  0.2990196078  0.0000000000 1
    0.0000000000  0.3039215686  0.0000000000 1
    0.0000000000  0.3088235294  0.0000000000 1
    0.0000000000  0.3137254902  0.0000000000 1
    0.0000000000  0.3186274510  0.0000000000 1
    0.0000000000  0.3235294118  0.0000000000 1
    0.0000000000  0.3284313725  0.0000000000 1
    0.0000000000  0.3333333333  0.0000000000 1
    0.0000000000  0.3382352941  0.0000000000 1
    0.0000000000  0.3431372549  0.0000000000 1
    0.0000000000  0.3480392157  0.0000000000 1
    0.0000000000  0.3529411765  0.0000000000 1
    0.0000000000  0.3578431373  0.0000000000 1
    0.0000000000  0.3627450980  0.0000000000 1
    0.0000000000  0.3676470588  0.0000000000 1
    0.0000000000  0.3725490196  0.0000000000 1
    0.0000000000  0.3774509804  0.0000000000 1
    0.0000000000  0.3823529412  0.0000000000 1
    0.0000000000  0.3872549020  0.0000000000 1
    0.0000000000  0.3921568627  0.0000000000 1
    0.0000000000  0.3970588235  0.0000000000 1
    0.0000000000  0.4019607843  0.0000000000 1
    0.0000000000  0.4068627451  0.0000000000 1
    0.0000000000  0.4117647059  0.0000000000 1
    0.0000000000  0.4166666667  0.0000000000 1
    0.0000000000  0.4215686275  0.0000000000 1
    0.0000000000  0.4264705882  0.0000000000 1
    0.0000000000  0.4313725490  0.0000000000 1
    0.0000000000  0.4362745098  0.0000000000 1
    0.0000000000  0.4411764706  0.0000000000 1
    0.0000000000  0.4460784314  0.0000000000 1
    0.0000000000  0.4509803922  0.0000000000 1
    0.0000000000  0.4558823529  0.0000000000 1
    0.0000000000  0.4607843137  0.0000000000 1
    0.0000000000  0.4656862745  0.0000000000 1
    0.0000000000  0.4705882353  0.0000000000 1
    0.0000000000  0.4754901961  0.0000000000 1
    0.0000000000  0.4803921569  0.0000000000 1
    0.0000000000  0.4852941176  0.0000000000 1
    0.0000000000  0.4901960784  0.0000000000 1
    0.0000000000  0.4950980392  0.0000000000 1
    0.0000000000  0.5000000000  0.0000000000 1
    0.0049019608  0.5000000000  0.0000000000 1
    0.0098039216  0.5000000000  0.0000000000 1
    0.0147058824  0.5000000000  0.0000000000 1
    0.0196078431  0.5000000000  0.0000000000 1
    0.0245098039  0.5000000000  0.0000000000 1
    0.0294117647  0.5000000000  0.0000000000 1
    0.0343137255  0.5000000000  0.0000000000 1
    0.0392156863  0.5000000000  0.0000000000 1
    0.0441176471  0.5000000000  0.0000000000 1
    0.0490196078  0.5000000000  0.0000000000 1
    0.0539215686  0.5000000000  0.0000000000 1
    0.0588235294  0.5000000000  0.0000000000 1
    0.0637254902  0.5000000000  0.0000000000 1
    0.0686274510  0.5000000000  0.0000000000 1
    0.0735294118  0.5000000000  0.0000000000 1
    0.0784313725  0.5000000000  0.0000000000 1
    0.0833333333  0.5000000000  0.0000000000 1
    0.0882352941  0.5000000000  0.0000000000 1
    0.0931372549  0.5000000000  0.0000000000 1
    0.0980392157  0.5000000000  0.0000000000 1
    0.1029411765  0.5000000000  0.0000000000 1
    0.1078431373  0.5000000000  0.0000000000 1
    0.1127450980  0.5000000000  0.0000000000 1
    0.1176470588  0.5000000000  0.0000000000 1
    0.1225490196  0.5000000000  0.0000000000 1
    0.1274509804  0.5000000000  0.0000000000 1
    0.1323529412  0.5000000000  0.0000000000 1
    0.1372549020  0.5000000000  0.0000000000 1
    0.1421568627  0.5000000000  0.0000000000 1
    0.1470588235  0.5000000000  0.0000000000 1
    0.1519607843  0.5000000000  0.0000000000 1
    0.1568627451  0.5000000000  0.0000000000 1
    0.1617647059  0.5000000000  0.0000000000 1
    0.1666666667  0.5000000000  0.0000000000 1
    0.1715686275  0.5000000000  0.0000000000 1
    0.1764705882  0.5000000000  0.0000000000 1
    0.1813725490  0.5000000000  0.0000000000 1
    0.1862745098  0.5000000000  0.0000000000 1
    0.1911764706  0.5000000000  0.0000000000 1
    0.1960784314  0.5000000000  0.0000000000 1
    0.2009803922  0.5000000000  0.0000000000 1
    0.2058823529  0.5000000000  0.0000000000 1
    0.2107843137  0.5000000000  0.0000000000 1
    0.2156862745  0.5000000000  0.0000000000 1
    0.2205882353  0.5000000000  0.0000000000 1
    0.2254901961  0.5000000000  0.0000000000 1
    0.2303921569  0.5000000000  0.0000000000 1
    0.2352941176  0.5000000000  0.0000000000 1
    0.2401960784  0.5000000000  0.0000000000 1
    0.2450980392  0.5000000000  0.0000000000 1
    0.2500000000  0.5000000000  0.0000000000 1
    0.2549019608  0.5000000000  0.0000000000 1
    0.2598039216  0.5000000000  0.0000000000 1
    0.2647058824  0.5000000000  0.0000000000 1
    0.2696078431  0.5000000000  0.0000000000 1
    0.2745098039  0.5000000000  0.0000000000 1
    0.2794117647  0.5000000000  0.0000000000 1
    0.2843137255  0.5000000000  0.0000000000 1
    0.2892156863  0.5000000000  0.0000000000 1
    0.2941176471  0.5000000000  0.0000000000 1
    0.2990196078  0.5000000000  0.0000000000 1
    0.3039215686  0.5000000000  0.0000000000 1
    0.3088235294  0.5000000000  0.0000000000 1
    0.3137254902  0.5000000000  0.0000000000 1
    0.3186274510  0.5000000000  0.0000000000 1
    0.3235294118  0.5000000000  0.0000000000 1
    0.3284313725  0.5000000000  0.0000000000 1
    0.3333333333  0.5000000000  0.0000000000 1
    0.3382352941  0.5000000000  0.0000000000 1
    0.3431372549  0.5000000000  0.0000000000 1
    0.3480392157  0.5000000000  0.0000000000 1
    0.3529411765  0.5000000000  0.0000000000 1
    0.3578431373  0.5000000000  0.0000000000 1
    0.3627450980  0.5000000000  0.0000000000 1
    0.3676470588  0.5000000000  0.0000000000 1
    0.3725490196  0.5000000000  0.0000000000 1
    0.3774509804  0.5000000000  0.0000000000 1
    0.3823529412  0.5000000000  0.0000000000 1
    0.3872549020  0.5000000000  0.0000000000 1
    0.3921568627  0.5000000000  0.0000000000 1
    0.3970588235  0.5000000000  0.0000000000 1
    0.4019607843  0.5000000000  0.0000000000 1
    0.4068627451  0.5000000000  0.0000000000 1
    0.4117647059  0.5000000000  0.0000000000 1
    0.4166666667  0.5000000000  0.0000000000 1
    0.4215686275  0.5000000000  0.0000000000 1
    0.4264705882  0.5000000000  0.0000000000 1
    0.4313725490  0.5000000000  0.0000000000 1
    0.4362745098  0.5000000000  0.0000000000 1
    0.4411764706  0.5000000000  0.0000000000 1
    0.4460784314  0.5000000000  0.0000000000 1
    0.4509803922  0.5000000000  0.0000000000 1
    0.4558823529  0.5000000000  0.0000000000 1
    0.4607843137  0.5000000000  0.0000000000 1
    0.4656862745  0.5000000000  0.0000000000 1
    0.4705882353  0.5000000000  0.0000000000 1
    0.4754901961  0.5000000000  0.0000000000 1
    0.4803921569  0.5000000000  0.0000000000 1
    0.4852941176  0.5000000000  0.0000000000 1
    0.4901960784  0.5000000000  0.0000000000 1
    0.4950980392  0.5000000000  0.0000000000 1
    0.5000000000  0.5000000000  0.0000000000 1
    0.4965277778  0.4965277778  0.0000000000 1
    0.4930555556  0.4930555556  0.0000000000 1
    0.4895833333  0.4895833333  0.0000000000 1
    0.4861111111  0.4861111111  0.0000000000 1
    0.4826388889  0.4826388889  0.0000000000 1
    0.4791666667  0.4791666667  0.0000000000 1
    0.4756944444  0.4756944444  0.0000000000 1
    0.4722222222  0.4722222222  0.0000000000 1
    0.4687500000  0.4687500000  0.0000000000 1
    0.4652777778  0.4652777778  0.0000000000 1
    0.4618055556  0.4618055556  0.0000000000 1
    0.4583333333  0.4583333333  0.0000000000 1
    0.4548611111  0.4548611111  0.0000000000 1
    0.4513888889  0.4513888889  0.0000000000 1
    0.4479166667  0.4479166667  0.0000000000 1
    0.4444444444  0.4444444444  0.0000000000 1
    0.4409722222  0.4409722222  0.0000000000 1
    0.4375000000  0.4375000000  0.0000000000 1
    0.4340277778  0.4340277778  0.0000000000 1
    0.4305555556  0.4305555556  0.0000000000 1
    0.4270833333  0.4270833333  0.0000000000 1
    0.4236111111  0.4236111111  0.0000000000 1
    0.4201388889  0.4201388889  0.0000000000 1
    0.4166666667  0.4166666667  0.0000000000 1
    0.4131944444  0.4131944444  0.0000000000 1
    0.4097222222  0.4097222222  0.0000000000 1
    0.4062500000  0.4062500000  0.0000000000 1
    0.4027777778  0.4027777778  0.0000000000 1
    0.3993055556  0.3993055556  0.0000000000 1
    0.3958333333  0.3958333333  0.0000000000 1
    0.3923611111  0.3923611111  0.0000000000 1
    0.3888888889  0.3888888889  0.0000000000 1
    0.3854166667  0.3854166667  0.0000000000 1
    0.3819444444  0.3819444444  0.0000000000 1
    0.3784722222  0.3784722222  0.0000000000 1
    0.3750000000  0.3750000000  0.0000000000 1
    0.3715277778  0.3715277778  0.0000000000 1
    0.3680555556  0.3680555556  0.0000000000 1
    0.3645833333  0.3645833333  0.0000000000 1
    0.3611111111  0.3611111111  0.0000000000 1
    0.3576388889  0.3576388889  0.0000000000 1
    0.3541666667  0.3541666667  0.0000000000 1
    0.3506944444  0.3506944444  0.0000000000 1
    0.3472222222  0.3472222222  0.0000000000 1
    0.3437500000  0.3437500000  0.0000000000 1
    0.3402777778  0.3402777778  0.0000000000 1
    0.3368055556  0.3368055556  0.0000000000 1
    0.3333333333  0.3333333333  0.0000000000 1
    0.3298611111  0.3298611111  0.0000000000 1
    0.3263888889  0.3263888889  0.0000000000 1
    0.3229166667  0.3229166667  0.0000000000 1
    0.3194444444  0.3194444444  0.0000000000 1
    0.3159722222  0.3159722222  0.0000000000 1
    0.3125000000  0.3125000000  0.0000000000 1
    0.3090277778  0.3090277778  0.0000000000 1
    0.3055555556  0.3055555556  0.0000000000 1
    0.3020833333  0.3020833333  0.0000000000 1
    0.2986111111  0.2986111111  0.0000000000 1
    0.2951388889  0.2951388889  0.0000000000 1
    0.2916666667  0.2916666667  0.0000000000 1
    0.2881944444  0.2881944444  0.0000000000 1
    0.2847222222  0.2847222222  0.0000000000 1
    0.2812500000  0.2812500000  0.0000000000 1
    0.2777777778  0.2777777778  0.0000000000 1
    0.2743055556  0.2743055556  0.0000000000 1
    0.2708333333  0.2708333333  0.0000000000 1
    0.2673611111  0.2673611111  0.0000000000 1
    0.2638888889  0.2638888889  0.0000000000 1
    0.2604166667  0.2604166667  0.0000000000 1
    0.2569444444  0.2569444444  0.0000000000 1
    0.2534722222  0.2534722222  0.0000000000 1
    0.2500000000  0.2500000000  0.0000000000 1
    0.2465277778  0.2465277778  0.0000000000 1
    0.2430555556  0.2430555556  0.0000000000 1
    0.2395833333  0.2395833333  0.0000000000 1
    0.2361111111  0.2361111111  0.0000000000 1
    0.2326388889  0.2326388889  0.0000000000 1
    0.2291666667  0.2291666667  0.0000000000 1
    0.2256944444  0.2256944444  0.0000000000 1
    0.2222222222  0.2222222222  0.0000000000 1
    0.2187500000  0.2187500000  0.0000000000 1
    0.2152777778  0.2152777778  0.0000000000 1
    0.2118055556  0.2118055556  0.0000000000 1
    0.2083333333  0.2083333333  0.0000000000 1
    0.2048611111  0.2048611111  0.0000000000 1
    0.2013888889  0.2013888889  0.0000000000 1
    0.1979166667  0.1979166667  0.0000000000 1
    0.1944444444  0.1944444444  0.0000000000 1
    0.1909722222  0.1909722222  0.0000000000 1
    0.1875000000  0.1875000000  0.0000000000 1
    0.1840277778  0.1840277778  0.0000000000 1
    0.1805555556  0.1805555556  0.0000000000 1
    0.1770833333  0.1770833333  0.0000000000 1
    0.1736111111  0.1736111111  0.0000000000 1
    0.1701388889  0.1701388889  0.0000000000 1
    0.1666666667  0.1666666667  0.0000000000 1
    0.1631944444  0.1631944444  0.0000000000 1
    0.1597222222  0.1597222222  0.0000000000 1
    0.1562500000  0.1562500000  0.0000000000 1
    0.1527777778  0.1527777778  0.0000000000 1
    0.1493055556  0.1493055556  0.0000000000 1
    0.1458333333  0.1458333333  0.0000000000 1
    0.1423611111  0.1423611111  0.0000000000 1
    0.1388888889  0.1388888889  0.0000000000 1
    0.1354166667  0.1354166667  0.0000000000 1
    0.1319444444  0.1319444444  0.0000000000 1
    0.1284722222  0.1284722222  0.0000000000 1
    0.1250000000  0.1250000000  0.0000000000 1
    0.1215277778  0.1215277778  0.0000000000 1
    0.1180555556  0.1180555556  0.0000000000 1
    0.1145833333  0.1145833333  0.0000000000 1
    0.1111111111  0.1111111111  0.0000000000 1
    0.1076388889  0.1076388889  0.0000000000 1
    0.1041666667  0.1041666667  0.0000000000 1
    0.1006944444  0.1006944444  0.0000000000 1
    0.0972222222  0.0972222222  0.0000000000 1
    0.0937500000  0.0937500000  0.0000000000 1
    0.0902777778  0.0902777778  0.0000000000 1
    0.0868055556  0.0868055556  0.0000000000 1
    0.0833333333  0.0833333333  0.0000000000 1
    0.0798611111  0.0798611111  0.0000000000 1
    0.0763888889  0.0763888889  0.0000000000 1
    0.0729166667  0.0729166667  0.0000000000 1
    0.0694444444  0.0694444444  0.0000000000 1
    0.0659722222  0.0659722222  0.0000000000 1
    0.0625000000  0.0625000000  0.0000000000 1
    0.0590277778  0.0590277778  0.0000000000 1
    0.0555555556  0.0555555556  0.0000000000 1
    0.0520833333  0.0520833333  0.0000000000 1
    0.0486111111  0.0486111111  0.0000000000 1
    0.0451388889  0.0451388889  0.0000000000 1
    0.0416666667  0.0416666667  0.0000000000 1
    0.0381944444  0.0381944444  0.0000000000 1
    0.0347222222  0.0347222222  0.0000000000 1
    0.0312500000  0.0312500000  0.0000000000 1
    0.0277777778  0.0277777778  0.0000000000 1
    0.0243055556  0.0243055556  0.0000000000 1
    0.0208333333  0.0208333333  0.0000000000 1
    0.0173611111  0.0173611111  0.0000000000 1
    0.0138888889  0.0138888889  0.0000000000 1
    0.0104166667  0.0104166667  0.0000000000 1
    0.0069444444  0.0069444444  0.0000000000 1
    0.0034722222  0.0034722222  0.0000000000 1
    0.0000000000  0.0000000000  0.0000000000 1
    0.0028248588  0.0028248588  0.0028248588 1
    0.0056497175  0.0056497175  0.0056497175 1
    0.0084745763  0.0084745763  0.0084745763 1
    0.0112994350  0.0112994350  0.0112994350 1
    0.0141242938  0.0141242938  0.0141242938 1
    0.0169491525  0.0169491525  0.0169491525 1
    0.0197740113  0.0197740113  0.0197740113 1
    0.0225988701  0.0225988701  0.0225988701 1
    0.0254237288  0.0254237288  0.0254237288 1
    0.0282485876  0.0282485876  0.0282485876 1
    0.0310734463  0.0310734463  0.0310734463 1
    0.0338983051  0.0338983051  0.0338983051 1
    0.0367231638  0.0367231638  0.0367231638 1
    0.0395480226  0.0395480226  0.0395480226 1
    0.0423728814  0.0423728814  0.0423728814 1
    0.0451977401  0.0451977401  0.0451977401 1
    0.0480225989  0.0480225989  0.0480225989 1
    0.0508474576  0.0508474576  0.0508474576 1
    0.0536723164  0.0536723164  0.0536723164 1
    0.0564971751  0.0564971751  0.0564971751 1
    0.0593220339  0.0593220339  0.0593220339 1
    0.0621468927  0.0621468927  0.0621468927 1
    0.0649717514  0.0649717514  0.0649717514 1
    0.0677966102  0.0677966102  0.0677966102 1
    0.0706214689  0.0706214689  0.0706214689 1
    0.0734463277  0.0734463277  0.0734463277 1
    0.0762711864  0.0762711864  0.0762711864 1
    0.0790960452  0.0790960452  0.0790960452 1
    0.0819209040  0.0819209040  0.0819209040 1
    0.0847457627  0.0847457627  0.0847457627 1
    0.0875706215  0.0875706215  0.0875706215 1
    0.0903954802  0.0903954802  0.0903954802 1
    0.0932203390  0.0932203390  0.0932203390 1
    0.0960451977  0.0960451977  0.0960451977 1
    0.0988700565  0.0988700565  0.0988700565 1
    0.1016949153  0.1016949153  0.1016949153 1
    0.1045197740  0.1045197740  0.1045197740 1
    0.1073446328  0.1073446328  0.1073446328 1
    0.1101694915  0.1101694915  0.1101694915 1
    0.1129943503  0.1129943503  0.1129943503 1
    0.1158192090  0.1158192090  0.1158192090 1
    0.1186440678  0.1186440678  0.1186440678 1
    0.1214689266  0.1214689266  0.1214689266 1
    0.1242937853  0.1242937853  0.1242937853 1
    0.1271186441  0.1271186441  0.1271186441 1
    0.1299435028  0.1299435028  0.1299435028 1
    0.1327683616  0.1327683616  0.1327683616 1
    0.1355932203  0.1355932203  0.1355932203 1
    0.1384180791  0.1384180791  0.1384180791 1
    0.1412429379  0.1412429379  0.1412429379 1
    0.1440677966  0.1440677966  0.1440677966 1
    0.1468926554  0.1468926554  0.1468926554 1
    0.1497175141  0.1497175141  0.1497175141 1
    0.1525423729  0.1525423729  0.1525423729 1
    0.1553672316  0.1553672316  0.1553672316 1
    0.1581920904  0.1581920904  0.1581920904 1
    0.1610169492  0.1610169492  0.1610169492 1
    0.1638418079  0.1638418079  0.1638418079 1
    0.1666666667  0.1666666667  0.1666666667 1
    0.1694915254  0.1694915254  0.1694915254 1
    0.1723163842  0.1723163842  0.1723163842 1
    0.1751412429  0.1751412429  0.1751412429 1
    0.1779661017  0.1779661017  0.1779661017 1
    0.1807909605  0.1807909605  0.1807909605 1
    0.1836158192  0.1836158192  0.1836158192 1
    0.1864406780  0.1864406780  0.1864406780 1
    0.1892655367  0.1892655367  0.1892655367 1
    0.1920903955  0.1920903955  0.1920903955 1
    0.1949152542  0.1949152542  0.1949152542 1
    0.1977401130  0.1977401130  0.1977401130 1
    0.2005649718  0.2005649718  0.2005649718 1
    0.2033898305  0.2033898305  0.2033898305 1
    0.2062146893  0.2062146893  0.2062146893 1
    0.2090395480  0.2090395480  0.2090395480 1
    0.2118644068  0.2118644068  0.2118644068 1
    0.2146892655  0.2146892655  0.2146892655 1
    0.2175141243  0.2175141243  0.2175141243 1
    0.2203389831  0.2203389831  0.2203389831 1
    0.2231638418  0.2231638418  0.2231638418 1
    0.2259887006  0.2259887006  0.2259887006 1
    0.2288135593  0.2288135593  0.2288135593 1
    0.2316384181  0.2316384181  0.2316384181 1
    0.2344632768  0.2344632768  0.2344632768 1
    0.2372881356  0.2372881356  0.2372881356 1
    0.2401129944  0.2401129944  0.2401129944 1
    0.2429378531  0.2429378531  0.2429378531 1
    0.2457627119  0.2457627119  0.2457627119 1
    0.2485875706  0.2485875706  0.2485875706 1
    0.2514124294  0.2514124294  0.2514124294 1
    0.2542372881  0.2542372881  0.2542372881 1
    0.2570621469  0.2570621469  0.2570621469 1
    0.2598870056  0.2598870056  0.2598870056 1
    0.2627118644  0.2627118644  0.2627118644 1
    0.2655367232  0.2655367232  0.2655367232 1
    0.2683615819  0.2683615819  0.2683615819 1
    0.2711864407  0.2711864407  0.2711864407 1
    0.2740112994  0.2740112994  0.2740112994 1
    0.2768361582  0.2768361582  0.2768361582 1
    0.2796610169  0.2796610169  0.2796610169 1
    0.2824858757  0.2824858757  0.2824858757 1
    0.2853107345  0.2853107345  0.2853107345 1
    0.2881355932  0.2881355932  0.2881355932 1
    0.2909604520  0.2909604520  0.2909604520 1
    0.2937853107  0.2937853107  0.2937853107 1
    0.2966101695  0.2966101695  0.2966101695 1
    0.2994350282  0.2994350282  0.2994350282 1
    0.3022598870  0.3022598870  0.3022598870 1
    0.3050847458  0.3050847458  0.3050847458 1
    0.3079096045  0.3079096045  0.3079096045 1
    0.3107344633  0.3107344633  0.3107344633 1
    0.3135593220  0.3135593220  0.3135593220 1
    0.3163841808  0.3163841808  0.3163841808 1
    0.3192090395  0.3192090395  0.3192090395 1
    0.3220338983  0.3220338983  0.3220338983 1
    0.3248587571  0.3248587571  0.3248587571 1
    0.3276836158  0.3276836158  0.3276836158 1
    0.3305084746  0.3305084746  0.3305084746 1
    0.3333333333  0.3333333333  0.3333333333 1
    0.3361581921  0.3361581921  0.3361581921 1
    0.3389830508  0.3389830508  0.3389830508 1
    0.3418079096  0.3418079096  0.3418079096 1
    0.3446327684  0.3446327684  0.3446327684 1
    0.3474576271  0.3474576271  0.3474576271 1
    0.3502824859  0.3502824859  0.3502824859 1
    0.3531073446  0.3531073446  0.3531073446 1
    0.3559322034  0.3559322034  0.3559322034 1
    0.3587570621  0.3587570621  0.3587570621 1
    0.3615819209  0.3615819209  0.3615819209 1
    0.3644067797  0.3644067797  0.3644067797 1
    0.3672316384  0.3672316384  0.3672316384 1
    0.3700564972  0.3700564972  0.3700564972 1
    0.3728813559  0.3728813559  0.3728813559 1
    0.3757062147  0.3757062147  0.3757062147 1
    0.3785310734  0.3785310734  0.3785310734 1
    0.3813559322  0.3813559322  0.3813559322 1
    0.3841807910  0.3841807910  0.3841807910 1
    0.3870056497  0.3870056497  0.3870056497 1
    0.3898305085  0.3898305085  0.3898305085 1
    0.3926553672  0.3926553672  0.3926553672 1
    0.3954802260  0.3954802260  0.3954802260 1
    0.3983050847  0.3983050847  0.3983050847 1
    0.4011299435  0.4011299435  0.4011299435 1
    0.4039548023  0.4039548023  0.4039548023 1
    0.4067796610  0.4067796610  0.4067796610 1
    0.4096045198  0.4096045198  0.4096045198 1
    0.4124293785  0.4124293785  0.4124293785 1
    0.4152542373  0.4152542373  0.4152542373 1
    0.4180790960  0.4180790960  0.4180790960 1
    0.4209039548  0.4209039548  0.4209039548 1
    0.4237288136  0.4237288136  0.4237288136 1
    0.4265536723  0.4265536723  0.4265536723 1
    0.4293785311  0.4293785311  0.4293785311 1
    0.4322033898  0.4322033898  0.4322033898 1
    0.4350282486  0.4350282486  0.4350282486 1
    0.4378531073  0.4378531073  0.4378531073 1
    0.4406779661  0.4406779661  0.4406779661 1
    0.4435028249  0.4435028249  0.4435028249 1
    0.4463276836  0.4463276836  0.4463276836 1
    0.4491525424  0.4491525424  0.4491525424 1
    0.4519774011  0.4519774011  0.4519774011 1
    0.4548022599  0.4548022599  0.4548022599 1
    0.4576271186  0.4576271186  0.4576271186 1
    0.4604519774  0.4604519774  0.4604519774 1
    0.4632768362  0.4632768362  0.4632768362 1
    0.4661016949  0.4661016949  0.4661016949 1
    0.4689265537  0.4689265537  0.4689265537 1
    0.4717514124  0.4717514124  0.4717514124 1
    0.4745762712  0.4745762712  0.4745762712 1
    0.4774011299  0.4774011299  0.4774011299 1
    0.4802259887  0.4802259887  0.4802259887 1
    0.4830508475  0.4830508475  0.4830508475 1
    0.4858757062  0.4858757062  0.4858757062 1
    0.4887005650  0.4887005650  0.4887005650 1
    0.4915254237  0.4915254237  0.4915254237 1
    0.4943502825  0.4943502825  0.4943502825 1
    0.4971751412  0.4971751412  0.4971751412 1
    0.5000000000  0.5000000000  0.5000000000 1
    0.4965277778  0.5000000000  0.4965277778 1
    0.4930555556  0.5000000000  0.4930555556 1
    0.4895833333  0.5000000000  0.4895833333 1
    0.4861111111  0.5000000000  0.4861111111 1
    0.4826388889  0.5000000000  0.4826388889 1
    0.4791666667  0.5000000000  0.4791666667 1
    0.4756944444  0.5000000000  0.4756944444 1
    0.4722222222  0.5000000000  0.4722222222 1
    0.4687500000  0.5000000000  0.4687500000 1
    0.4652777778  0.5000000000  0.4652777778 1
    0.4618055556  0.5000000000  0.4618055556 1
    0.4583333333  0.5000000000  0.4583333333 1
    0.4548611111  0.5000000000  0.4548611111 1
    0.4513888889  0.5000000000  0.4513888889 1
    0.4479166667  0.5000000000  0.4479166667 1
    0.4444444444  0.5000000000  0.4444444444 1
    0.4409722222  0.5000000000  0.4409722222 1
    0.4375000000  0.5000000000  0.4375000000 1
    0.4340277778  0.5000000000  0.4340277778 1
    0.4305555556  0.5000000000  0.4305555556 1
    0.4270833333  0.5000000000  0.4270833333 1
    0.4236111111  0.5000000000  0.4236111111 1
    0.4201388889  0.5000000000  0.4201388889 1
    0.4166666667  0.5000000000  0.4166666667 1
    0.4131944444  0.5000000000  0.4131944444 1
    0.4097222222  0.5000000000  0.4097222222 1
    0.4062500000  0.5000000000  0.4062500000 1
    0.4027777778  0.5000000000  0.4027777778 1
    0.3993055556  0.5000000000  0.3993055556 1
    0.3958333333  0.5000000000  0.3958333333 1
    0.3923611111  0.5000000000  0.3923611111 1
    0.3888888889  0.5000000000  0.3888888889 1
    0.3854166667  0.5000000000  0.3854166667 1
    0.3819444444  0.5000000000  0.3819444444 1
    0.3784722222  0.5000000000  0.3784722222 1
    0.3750000000  0.5000000000  0.3750000000 1
    0.3715277778  0.5000000000  0.3715277778 1
    0.3680555556  0.5000000000  0.3680555556 1
    0.3645833333  0.5000000000  0.3645833333 1
    0.3611111111  0.5000000000  0.3611111111 1
    0.3576388889  0.5000000000  0.3576388889 1
    0.3541666667  0.5000000000  0.3541666667 1
    0.3506944444  0.5000000000  0.3506944444 1
    0.3472222222  0.5000000000  0.3472222222 1
    0.3437500000  0.5000000000  0.3437500000 1
    0.3402777778  0.5000000000  0.3402777778 1
    0.3368055556  0.5000000000  0.3368055556 1
    0.3333333333  0.5000000000  0.3333333333 1
    0.3298611111  0.5000000000  0.3298611111 1
    0.3263888889  0.5000000000  0.3263888889 1
    0.3229166667  0.5000000000  0.3229166667 1
    0.3194444444  0.5000000000  0.3194444444 1
    0.3159722222  0.5000000000  0.3159722222 1
    0.3125000000  0.5000000000  0.3125000000 1
    0.3090277778  0.5000000000  0.3090277778 1
    0.3055555556  0.5000000000  0.3055555556 1
    0.3020833333  0.5000000000  0.3020833333 1
    0.2986111111  0.5000000000  0.2986111111 1
    0.2951388889  0.5000000000  0.2951388889 1
    0.2916666667  0.5000000000  0.2916666667 1
    0.2881944444  0.5000000000  0.2881944444 1
    0.2847222222  0.5000000000  0.2847222222 1
    0.2812500000  0.5000000000  0.2812500000 1
    0.2777777778  0.5000000000  0.2777777778 1
    0.2743055556  0.5000000000  0.2743055556 1
    0.2708333333  0.5000000000  0.2708333333 1
    0.2673611111  0.5000000000  0.2673611111 1
    0.2638888889  0.5000000000  0.2638888889 1
    0.2604166667  0.5000000000  0.2604166667 1
    0.2569444444  0.5000000000  0.2569444444 1
    0.2534722222  0.5000000000  0.2534722222 1
    0.2500000000  0.5000000000  0.2500000000 1
    0.2465277778  0.5000000000  0.2465277778 1
    0.2430555556  0.5000000000  0.2430555556 1
    0.2395833333  0.5000000000  0.2395833333 1
    0.2361111111  0.5000000000  0.2361111111 1
    0.2326388889  0.5000000000  0.2326388889 1
    0.2291666667  0.5000000000  0.2291666667 1
    0.2256944444  0.5000000000  0.2256944444 1
    0.2222222222  0.5000000000  0.2222222222 1
    0.2187500000  0.5000000000  0.2187500000 1
    0.2152777778  0.5000000000  0.2152777778 1
    0.2118055556  0.5000000000  0.2118055556 1
    0.2083333333  0.5000000000  0.2083333333 1
    0.2048611111  0.5000000000  0.2048611111 1
    0.2013888889  0.5000000000  0.2013888889 1
    0.1979166667  0.5000000000  0.1979166667 1
    0.1944444444  0.5000000000  0.1944444444 1
    0.1909722222  0.5000000000  0.1909722222 1
    0.1875000000  0.5000000000  0.1875000000 1
    0.1840277778  0.5000000000  0.1840277778 1
    0.1805555556  0.5000000000  0.1805555556 1
    0.1770833333  0.5000000000  0.1770833333 1
    0.1736111111  0.5000000000  0.1736111111 1
    0.1701388889  0.5000000000  0.1701388889 1
    0.1666666667  0.5000000000  0.1666666667 1
    0.1631944444  0.5000000000  0.1631944444 1
    0.1597222222  0.5000000000  0.1597222222 1
    0.1562500000  0.5000000000  0.1562500000 1
    0.1527777778  0.5000000000  0.1527777778 1
    0.1493055556  0.5000000000  0.1493055556 1
    0.1458333333  0.5000000000  0.1458333333 1
    0.1423611111  0.5000000000  0.1423611111 1
    0.1388888889  0.5000000000  0.1388888889 1
    0.1354166667  0.5000000000  0.1354166667 1
    0.1319444444  0.5000000000  0.1319444444 1
    0.1284722222  0.5000000000  0.1284722222 1
    0.1250000000  0.5000000000  0.1250000000 1
    0.1215277778  0.5000000000  0.1215277778 1
    0.1180555556  0.5000000000  0.1180555556 1
    0.1145833333  0.5000000000  0.1145833333 1
    0.1111111111  0.5000000000  0.1111111111 1
    0.1076388889  0.5000000000  0.1076388889 1
    0.1041666667  0.5000000000  0.1041666667 1
    0.1006944444  0.5000000000  0.1006944444 1
    0.0972222222  0.5000000000  0.0972222222 1
    0.0937500000  0.5000000000  0.0937500000 1
    0.0902777778  0.5000000000  0.0902777778 1
    0.0868055556  0.5000000000  0.0868055556 1
    0.0833333333  0.5000000000  0.0833333333 1
    0.0798611111  0.5000000000  0.0798611111 1
    0.0763888889  0.5000000000  0.0763888889 1
    0.0729166667  0.5000000000  0.0729166667 1
    0.0694444444  0.5000000000  0.0694444444 1
    0.0659722222  0.5000000000  0.0659722222 1
    0.0625000000  0.5000000000  0.0625000000 1
    0.0590277778  0.5000000000  0.0590277778 1
    0.0555555556  0.5000000000  0.0555555556 1
    0.0520833333  0.5000000000  0.0520833333 1
    0.0486111111  0.5000000000  0.0486111111 1
    0.0451388889  0.5000000000  0.0451388889 1
    0.0416666667  0.5000000000  0.0416666667 1
    0.0381944444  0.5000000000  0.0381944444 1
    0.0347222222  0.5000000000  0.0347222222 1
    0.0312500000  0.5000000000  0.0312500000 1
    0.0277777778  0.5000000000  0.0277777778 1
    0.0243055556  0.5000000000  0.0243055556 1
    0.0208333333  0.5000000000  0.0208333333 1
    0.0173611111  0.5000000000  0.0173611111 1
    0.0138888889  0.5000000000  0.0138888889 1
    0.0104166667  0.5000000000  0.0104166667 1
    0.0069444444  0.5000000000  0.0069444444 1
    0.0034722222  0.5000000000  0.0034722222 1
    0.0000000000  0.5000000000  0.0000000000 1
