&input
 flfrc='hea.332.fc',
 q_in_cryst_coord=.TRUE.,
 asr='simple',
 flfrq='hea.freq',
/
477
    0.0000000000  0.0000000000  0.0000000000 1
    0.0000000000  0.0064935065  0.0000000000 1
    0.0000000000  0.0129870130  0.0000000000 1
    0.0000000000  0.0194805195  0.0000000000 1
    0.0000000000  0.0259740260  0.0000000000 1
    0.0000000000  0.0324675325  0.0000000000 1
    0.0000000000  0.0389610390  0.0000000000 1
    0.0000000000  0.0454545455  0.0000000000 1
    0.0000000000  0.0519480519  0.0000000000 1
    0.0000000000  0.0584415584  0.0000000000 1
    0.0000000000  0.0649350649  0.0000000000 1
    0.0000000000  0.0714285714  0.0000000000 1
    0.0000000000  0.0779220779  0.0000000000 1
    0.0000000000  0.0844155844  0.0000000000 1
    0.0000000000  0.0909090909  0.0000000000 1
    0.0000000000  0.0974025974  0.0000000000 1
    0.0000000000  0.1038961039  0.0000000000 1
    0.0000000000  0.1103896104  0.0000000000 1
    0.0000000000  0.1168831169  0.0000000000 1
    0.0000000000  0.1233766234  0.0000000000 1
    0.0000000000  0.1298701299  0.0000000000 1
    0.0000000000  0.1363636364  0.0000000000 1
    0.0000000000  0.1428571429  0.0000000000 1
    0.0000000000  0.1493506494  0.0000000000 1
    0.0000000000  0.1558441558  0.0000000000 1
    0.0000000000  0.1623376623  0.0000000000 1
    0.0000000000  0.1688311688  0.0000000000 1
    0.0000000000  0.1753246753  0.0000000000 1
    0.0000000000  0.1818181818  0.0000000000 1
    0.0000000000  0.1883116883  0.0000000000 1
    0.0000000000  0.1948051948  0.0000000000 1
    0.0000000000  0.2012987013  0.0000000000 1
    0.0000000000  0.2077922078  0.0000000000 1
    0.0000000000  0.2142857143  0.0000000000 1
    0.0000000000  0.2207792208  0.0000000000 1
    0.0000000000  0.2272727273  0.0000000000 1
    0.0000000000  0.2337662338  0.0000000000 1
    0.0000000000  0.2402597403  0.0000000000 1
    0.0000000000  0.2467532468  0.0000000000 1
    0.0000000000  0.2532467532  0.0000000000 1
    0.0000000000  0.2597402597  0.0000000000 1
    0.0000000000  0.2662337662  0.0000000000 1
    0.0000000000  0.2727272727  0.0000000000 1
    0.0000000000  0.2792207792  0.0000000000 1
    0.0000000000  0.2857142857  0.0000000000 1
    0.0000000000  0.2922077922  0.0000000000 1
    0.0000000000  0.2987012987  0.0000000000 1
    0.0000000000  0.3051948052  0.0000000000 1
    0.0000000000  0.3116883117  0.0000000000 1
    0.0000000000  0.3181818182  0.0000000000 1
    0.0000000000  0.3246753247  0.0000000000 1
    0.0000000000  0.3311688312  0.0000000000 1
    0.0000000000  0.3376623377  0.0000000000 1
    0.0000000000  0.3441558442  0.0000000000 1
    0.0000000000  0.3506493506  0.0000000000 1
    0.0000000000  0.3571428571  0.0000000000 1
    0.0000000000  0.3636363636  0.0000000000 1
    0.0000000000  0.3701298701  0.0000000000 1
    0.0000000000  0.3766233766  0.0000000000 1
    0.0000000000  0.3831168831  0.0000000000 1
    0.0000000000  0.3896103896  0.0000000000 1
    0.0000000000  0.3961038961  0.0000000000 1
    0.0000000000  0.4025974026  0.0000000000 1
    0.0000000000  0.4090909091  0.0000000000 1
    0.0000000000  0.4155844156  0.0000000000 1
    0.0000000000  0.4220779221  0.0000000000 1
    0.0000000000  0.4285714286  0.0000000000 1
    0.0000000000  0.4350649351  0.0000000000 1
    0.0000000000  0.4415584416  0.0000000000 1
    0.0000000000  0.4480519481  0.0000000000 1
    0.0000000000  0.4545454545  0.0000000000 1
    0.0000000000  0.4610389610  0.0000000000 1
    0.0000000000  0.4675324675  0.0000000000 1
    0.0000000000  0.4740259740  0.0000000000 1
    0.0000000000  0.4805194805  0.0000000000 1
    0.0000000000  0.4870129870  0.0000000000 1
    0.0000000000  0.4935064935  0.0000000000 1
    0.0000000000  0.5000000000  0.0000000000 1
    -0.0038356164  0.5030136986  0.0000000000 1
    -0.0076712329  0.5060273973  0.0000000000 1
    -0.0115068493  0.5090410959  0.0000000000 1
    -0.0153424658  0.5120547945  0.0000000000 1
    -0.0191780822  0.5150684932  0.0000000000 1
    -0.0230136986  0.5180821918  0.0000000000 1
    -0.0268493151  0.5210958904  0.0000000000 1
    -0.0306849315  0.5241095890  0.0000000000 1
    -0.0345205479  0.5271232877  0.0000000000 1
    -0.0383561644  0.5301369863  0.0000000000 1
    -0.0421917808  0.5331506849  0.0000000000 1
    -0.0460273973  0.5361643836  0.0000000000 1
    -0.0498630137  0.5391780822  0.0000000000 1
    -0.0536986301  0.5421917808  0.0000000000 1
    -0.0575342466  0.5452054795  0.0000000000 1
    -0.0613698630  0.5482191781  0.0000000000 1
    -0.0652054795  0.5512328767  0.0000000000 1
    -0.0690410959  0.5542465753  0.0000000000 1
    -0.0728767123  0.5572602740  0.0000000000 1
    -0.0767123288  0.5602739726  0.0000000000 1
    -0.0805479452  0.5632876712  0.0000000000 1
    -0.0843835616  0.5663013699  0.0000000000 1
    -0.0882191781  0.5693150685  0.0000000000 1
    -0.0920547945  0.5723287671  0.0000000000 1
    -0.0958904110  0.5753424658  0.0000000000 1
    -0.0997260274  0.5783561644  0.0000000000 1
    -0.1035616438  0.5813698630  0.0000000000 1
    -0.1073972603  0.5843835616  0.0000000000 1
    -0.1112328767  0.5873972603  0.0000000000 1
    -0.1150684932  0.5904109589  0.0000000000 1
    -0.1189041096  0.5934246575  0.0000000000 1
    -0.1227397260  0.5964383562  0.0000000000 1
    -0.1265753425  0.5994520548  0.0000000000 1
    -0.1304109589  0.6024657534  0.0000000000 1
    -0.1342465753  0.6054794521  0.0000000000 1
    -0.1380821918  0.6084931507  0.0000000000 1
    -0.1419178082  0.6115068493  0.0000000000 1
    -0.1457534247  0.6145205479  0.0000000000 1
    -0.1495890411  0.6175342466  0.0000000000 1
    -0.1534246575  0.6205479452  0.0000000000 1
    -0.1572602740  0.6235616438  0.0000000000 1
    -0.1610958904  0.6265753425  0.0000000000 1
    -0.1649315068  0.6295890411  0.0000000000 1
    -0.1687671233  0.6326027397  0.0000000000 1
    -0.1726027397  0.6356164384  0.0000000000 1
    -0.1764383562  0.6386301370  0.0000000000 1
    -0.1802739726  0.6416438356  0.0000000000 1
    -0.1841095890  0.6446575342  0.0000000000 1
    -0.1879452055  0.6476712329  0.0000000000 1
    -0.1917808219  0.6506849315  0.0000000000 1
    -0.1956164384  0.6536986301  0.0000000000 1
    -0.1994520548  0.6567123288  0.0000000000 1
    -0.2032876712  0.6597260274  0.0000000000 1
    -0.2071232877  0.6627397260  0.0000000000 1
    -0.2109589041  0.6657534247  0.0000000000 1
    -0.2147945205  0.6687671233  0.0000000000 1
    -0.2186301370  0.6717808219  0.0000000000 1
    -0.2224657534  0.6747945205  0.0000000000 1
    -0.2263013699  0.6778082192  0.0000000000 1
    -0.2301369863  0.6808219178  0.0000000000 1
    -0.2339726027  0.6838356164  0.0000000000 1
    -0.2378082192  0.6868493151  0.0000000000 1
    -0.2416438356  0.6898630137  0.0000000000 1
    -0.2454794521  0.6928767123  0.0000000000 1
    -0.2493150685  0.6958904110  0.0000000000 1
    -0.2531506849  0.6989041096  0.0000000000 1
    -0.2569863014  0.7019178082  0.0000000000 1
    -0.2608219178  0.7049315068  0.0000000000 1
    -0.2646575342  0.7079452055  0.0000000000 1
    -0.2684931507  0.7109589041  0.0000000000 1
    -0.2723287671  0.7139726027  0.0000000000 1
    -0.2761643836  0.7169863014  0.0000000000 1
    -0.2800000000  0.7200000000  0.0000000000 1
    -0.2900000000  0.7100000000  0.0000000000 1
    -0.3000000000  0.7000000000  0.0000000000 1
    -0.3100000000  0.6900000000  0.0000000000 1
    -0.3200000000  0.6800000000  0.0000000000 1
    -0.3300000000  0.6700000000  0.0000000000 1
    -0.3400000000  0.6600000000  0.0000000000 1
    -0.3500000000  0.6500000000  0.0000000000 1
    -0.3600000000  0.6400000000  0.0000000000 1
    -0.3700000000  0.6300000000  0.0000000000 1
    -0.3800000000  0.6200000000  0.0000000000 1
    -0.3900000000  0.6100000000  0.0000000000 1
    -0.4000000000  0.6000000000  0.0000000000 1
    -0.4100000000  0.5900000000  0.0000000000 1
    -0.4200000000  0.5800000000  0.0000000000 1
    -0.4300000000  0.5700000000  0.0000000000 1
    -0.4400000000  0.5600000000  0.0000000000 1
    -0.4500000000  0.5500000000  0.0000000000 1
    -0.4600000000  0.5400000000  0.0000000000 1
    -0.4700000000  0.5300000000  0.0000000000 1
    -0.4800000000  0.5200000000  0.0000000000 1
    -0.4900000000  0.5100000000  0.0000000000 1
    -0.5000000000  0.5000000000  0.0000000000 1
    -0.4900000000  0.4900000000  0.0000000000 1
    -0.4800000000  0.4800000000  0.0000000000 1
    -0.4700000000  0.4700000000  0.0000000000 1
    -0.4600000000  0.4600000000  0.0000000000 1
    -0.4500000000  0.4500000000  0.0000000000 1
    -0.4400000000  0.4400000000  0.0000000000 1
    -0.4300000000  0.4300000000  0.0000000000 1
    -0.4200000000  0.4200000000  0.0000000000 1
    -0.4100000000  0.4100000000  0.0000000000 1
    -0.4000000000  0.4000000000  0.0000000000 1
    -0.3900000000  0.3900000000  0.0000000000 1
    -0.3800000000  0.3800000000  0.0000000000 1
    -0.3700000000  0.3700000000  0.0000000000 1
    -0.3600000000  0.3600000000  0.0000000000 1
    -0.3500000000  0.3500000000  0.0000000000 1
    -0.3400000000  0.3400000000  0.0000000000 1
    -0.3300000000  0.3300000000  0.0000000000 1
    -0.3200000000  0.3200000000  0.0000000000 1
    -0.3100000000  0.3100000000  0.0000000000 1
    -0.3000000000  0.3000000000  0.0000000000 1
    -0.2900000000  0.2900000000  0.0000000000 1
    -0.2800000000  0.2800000000  0.0000000000 1
    -0.2700000000  0.2700000000  0.0000000000 1
    -0.2600000000  0.2600000000  0.0000000000 1
    -0.2500000000  0.2500000000  0.0000000000 1
    -0.2400000000  0.2400000000  0.0000000000 1
    -0.2300000000  0.2300000000  0.0000000000 1
    -0.2200000000  0.2200000000  0.0000000000 1
    -0.2100000000  0.2100000000  0.0000000000 1
    -0.2000000000  0.2000000000  0.0000000000 1
    -0.1900000000  0.1900000000  0.0000000000 1
    -0.1800000000  0.1800000000  0.0000000000 1
    -0.1700000000  0.1700000000  0.0000000000 1
    -0.1600000000  0.1600000000  0.0000000000 1
    -0.1500000000  0.1500000000  0.0000000000 1
    -0.1400000000  0.1400000000  0.0000000000 1
    -0.1300000000  0.1300000000  0.0000000000 1
    -0.1200000000  0.1200000000  0.0000000000 1
    -0.1100000000  0.1100000000  0.0000000000 1
    -0.1000000000  0.1000000000  0.0000000000 1
    -0.0900000000  0.0900000000  0.0000000000 1
    -0.0800000000  0.0800000000  0.0000000000 1
    -0.0700000000  0.0700000000  0.0000000000 1
    -0.0600000000  0.0600000000  0.0000000000 1
    -0.0500000000  0.0500000000  0.0000000000 1
    -0.0400000000  0.0400000000  0.0000000000 1
    -0.0300000000  0.0300000000  0.0000000000 1
    -0.0200000000  0.0200000000  0.0000000000 1
    -0.0100000000  0.0100000000  0.0000000000 1
    0.0000000000  0.0000000000  0.0000000000 1
    -0.0113636364  0.0113636364  0.0113636364 1
    -0.0227272727  0.0227272727  0.0227272727 1
    -0.0340909091  0.0340909091  0.0340909091 1
    -0.0454545455  0.0454545455  0.0454545455 1
    -0.0568181818  0.0568181818  0.0568181818 1
    -0.0681818182  0.0681818182  0.0681818182 1
    -0.0795454545  0.0795454545  0.0795454545 1
    -0.0909090909  0.0909090909  0.0909090909 1
    -0.1022727273  0.1022727273  0.1022727273 1
    -0.1136363636  0.1136363636  0.1136363636 1
    -0.1250000000  0.1250000000  0.1250000000 1
    -0.1363636364  0.1363636364  0.1363636364 1
    -0.1477272727  0.1477272727  0.1477272727 1
    -0.1590909091  0.1590909091  0.1590909091 1
    -0.1704545455  0.1704545455  0.1704545455 1
    -0.1818181818  0.1818181818  0.1818181818 1
    -0.1931818182  0.1931818182  0.1931818182 1
    -0.2045454545  0.2045454545  0.2045454545 1
    -0.2159090909  0.2159090909  0.2159090909 1
    -0.2272727273  0.2272727273  0.2272727273 1
    -0.2386363636  0.2386363636  0.2386363636 1
    -0.2500000000  0.2500000000  0.2500000000 1
    -0.2613636364  0.2613636364  0.2613636364 1
    -0.2727272727  0.2727272727  0.2727272727 1
    -0.2840909091  0.2840909091  0.2840909091 1
    -0.2954545455  0.2954545455  0.2954545455 1
    -0.3068181818  0.3068181818  0.3068181818 1
    -0.3181818182  0.3181818182  0.3181818182 1
    -0.3295454545  0.3295454545  0.3295454545 1
    -0.3409090909  0.3409090909  0.3409090909 1
    -0.3522727273  0.3522727273  0.3522727273 1
    -0.3636363636  0.3636363636  0.3636363636 1
    -0.3750000000  0.3750000000  0.3750000000 1
    -0.3863636364  0.3863636364  0.3863636364 1
    -0.3977272727  0.3977272727  0.3977272727 1
    -0.4090909091  0.4090909091  0.4090909091 1
    -0.4204545455  0.4204545455  0.4204545455 1
    -0.4318181818  0.4318181818  0.4318181818 1
    -0.4431818182  0.4431818182  0.4431818182 1
    -0.4545454545  0.4545454545  0.4545454545 1
    -0.4659090909  0.4659090909  0.4659090909 1
    -0.4772727273  0.4772727273  0.4772727273 1
    -0.4886363636  0.4886363636  0.4886363636 1
    -0.5000000000  0.5000000000  0.5000000000 1
    -0.4900000000  0.5100000000  0.5000000000 1
    -0.4800000000  0.5200000000  0.5000000000 1
    -0.4700000000  0.5300000000  0.5000000000 1
    -0.4600000000  0.5400000000  0.5000000000 1
    -0.4500000000  0.5500000000  0.5000000000 1
    -0.4400000000  0.5600000000  0.5000000000 1
    -0.4300000000  0.5700000000  0.5000000000 1
    -0.4200000000  0.5800000000  0.5000000000 1
    -0.4100000000  0.5900000000  0.5000000000 1
    -0.4000000000  0.6000000000  0.5000000000 1
    -0.3900000000  0.6100000000  0.5000000000 1
    -0.3800000000  0.6200000000  0.5000000000 1
    -0.3700000000  0.6300000000  0.5000000000 1
    -0.3600000000  0.6400000000  0.5000000000 1
    -0.3500000000  0.6500000000  0.5000000000 1
    -0.3400000000  0.6600000000  0.5000000000 1
    -0.3300000000  0.6700000000  0.5000000000 1
    -0.3200000000  0.6800000000  0.5000000000 1
    -0.3100000000  0.6900000000  0.5000000000 1
    -0.3000000000  0.7000000000  0.5000000000 1
    -0.2900000000  0.7100000000  0.5000000000 1
    -0.2800000000  0.7200000000  0.5000000000 1
    -0.2700000000  0.7300000000  0.5000000000 1
    -0.2600000000  0.7400000000  0.5000000000 1
    -0.2564383562  0.7367123288  0.5000000000 1
    -0.2528767123  0.7334246575  0.5000000000 1
    -0.2493150685  0.7301369863  0.5000000000 1
    -0.2457534247  0.7268493151  0.5000000000 1
    -0.2421917808  0.7235616438  0.5000000000 1
    -0.2386301370  0.7202739726  0.5000000000 1
    -0.2350684932  0.7169863014  0.5000000000 1
    -0.2315068493  0.7136986301  0.5000000000 1
    -0.2279452055  0.7104109589  0.5000000000 1
    -0.2243835616  0.7071232877  0.5000000000 1
    -0.2208219178  0.7038356164  0.5000000000 1
    -0.2172602740  0.7005479452  0.5000000000 1
    -0.2136986301  0.6972602740  0.5000000000 1
    -0.2101369863  0.6939726027  0.5000000000 1
    -0.2065753425  0.6906849315  0.5000000000 1
    -0.2030136986  0.6873972603  0.5000000000 1
    -0.1994520548  0.6841095890  0.5000000000 1
    -0.1958904110  0.6808219178  0.5000000000 1
    -0.1923287671  0.6775342466  0.5000000000 1
    -0.1887671233  0.6742465753  0.5000000000 1
    -0.1852054795  0.6709589041  0.5000000000 1
    -0.1816438356  0.6676712329  0.5000000000 1
    -0.1780821918  0.6643835616  0.5000000000 1
    -0.1745205479  0.6610958904  0.5000000000 1
    -0.1709589041  0.6578082192  0.5000000000 1
    -0.1673972603  0.6545205479  0.5000000000 1
    -0.1638356164  0.6512328767  0.5000000000 1
    -0.1602739726  0.6479452055  0.5000000000 1
    -0.1567123288  0.6446575342  0.5000000000 1
    -0.1531506849  0.6413698630  0.5000000000 1
    -0.1495890411  0.6380821918  0.5000000000 1
    -0.1460273973  0.6347945205  0.5000000000 1
    -0.1424657534  0.6315068493  0.5000000000 1
    -0.1389041096  0.6282191781  0.5000000000 1
    -0.1353424658  0.6249315068  0.5000000000 1
    -0.1317808219  0.6216438356  0.5000000000 1
    -0.1282191781  0.6183561644  0.5000000000 1
    -0.1246575342  0.6150684932  0.5000000000 1
    -0.1210958904  0.6117808219  0.5000000000 1
    -0.1175342466  0.6084931507  0.5000000000 1
    -0.1139726027  0.6052054795  0.5000000000 1
    -0.1104109589  0.6019178082  0.5000000000 1
    -0.1068493151  0.5986301370  0.5000000000 1
    -0.1032876712  0.5953424658  0.5000000000 1
    -0.0997260274  0.5920547945  0.5000000000 1
    -0.0961643836  0.5887671233  0.5000000000 1
    -0.0926027397  0.5854794521  0.5000000000 1
    -0.0890410959  0.5821917808  0.5000000000 1
    -0.0854794521  0.5789041096  0.5000000000 1
    -0.0819178082  0.5756164384  0.5000000000 1
    -0.0783561644  0.5723287671  0.5000000000 1
    -0.0747945205  0.5690410959  0.5000000000 1
    -0.0712328767  0.5657534247  0.5000000000 1
    -0.0676712329  0.5624657534  0.5000000000 1
    -0.0641095890  0.5591780822  0.5000000000 1
    -0.0605479452  0.5558904110  0.5000000000 1
    -0.0569863014  0.5526027397  0.5000000000 1
    -0.0534246575  0.5493150685  0.5000000000 1
    -0.0498630137  0.5460273973  0.5000000000 1
    -0.0463013699  0.5427397260  0.5000000000 1
    -0.0427397260  0.5394520548  0.5000000000 1
    -0.0391780822  0.5361643836  0.5000000000 1
    -0.0356164384  0.5328767123  0.5000000000 1
    -0.0320547945  0.5295890411  0.5000000000 1
    -0.0284931507  0.5263013699  0.5000000000 1
    -0.0249315068  0.5230136986  0.5000000000 1
    -0.0213698630  0.5197260274  0.5000000000 1
    -0.0178082192  0.5164383562  0.5000000000 1
    -0.0142465753  0.5131506849  0.5000000000 1
    -0.0106849315  0.5098630137  0.5000000000 1
    -0.0071232877  0.5065753425  0.5000000000 1
    -0.0035616438  0.5032876712  0.5000000000 1
    0.0000000000  0.5000000000  0.5000000000 1
    0.0000000000  0.4936708861  0.4936708861 1
    0.0000000000  0.4873417722  0.4873417722 1
    0.0000000000  0.4810126582  0.4810126582 1
    0.0000000000  0.4746835443  0.4746835443 1
    0.0000000000  0.4683544304  0.4683544304 1
    0.0000000000  0.4620253165  0.4620253165 1
    0.0000000000  0.4556962025  0.4556962025 1
    0.0000000000  0.4493670886  0.4493670886 1
    0.0000000000  0.4430379747  0.4430379747 1
    0.0000000000  0.4367088608  0.4367088608 1
    0.0000000000  0.4303797468  0.4303797468 1
    0.0000000000  0.4240506329  0.4240506329 1
    0.0000000000  0.4177215190  0.4177215190 1
    0.0000000000  0.4113924051  0.4113924051 1
    0.0000000000  0.4050632911  0.4050632911 1
    0.0000000000  0.3987341772  0.3987341772 1
    0.0000000000  0.3924050633  0.3924050633 1
    0.0000000000  0.3860759494  0.3860759494 1
    0.0000000000  0.3797468354  0.3797468354 1
    0.0000000000  0.3734177215  0.3734177215 1
    0.0000000000  0.3670886076  0.3670886076 1
    0.0000000000  0.3607594937  0.3607594937 1
    0.0000000000  0.3544303797  0.3544303797 1
    0.0000000000  0.3481012658  0.3481012658 1
    0.0000000000  0.3417721519  0.3417721519 1
    0.0000000000  0.3354430380  0.3354430380 1
    0.0000000000  0.3291139241  0.3291139241 1
    0.0000000000  0.3227848101  0.3227848101 1
    0.0000000000  0.3164556962  0.3164556962 1
    0.0000000000  0.3101265823  0.3101265823 1
    0.0000000000  0.3037974684  0.3037974684 1
    0.0000000000  0.2974683544  0.2974683544 1
    0.0000000000  0.2911392405  0.2911392405 1
    0.0000000000  0.2848101266  0.2848101266 1
    0.0000000000  0.2784810127  0.2784810127 1
    0.0000000000  0.2721518987  0.2721518987 1
    0.0000000000  0.2658227848  0.2658227848 1
    0.0000000000  0.2594936709  0.2594936709 1
    0.0000000000  0.2531645570  0.2531645570 1
    0.0000000000  0.2468354430  0.2468354430 1
    0.0000000000  0.2405063291  0.2405063291 1
    0.0000000000  0.2341772152  0.2341772152 1
    0.0000000000  0.2278481013  0.2278481013 1
    0.0000000000  0.2215189873  0.2215189873 1
    0.0000000000  0.2151898734  0.2151898734 1
    0.0000000000  0.2088607595  0.2088607595 1
    0.0000000000  0.2025316456  0.2025316456 1
    0.0000000000  0.1962025316  0.1962025316 1
    0.0000000000  0.1898734177  0.1898734177 1
    0.0000000000  0.1835443038  0.1835443038 1
    0.0000000000  0.1772151899  0.1772151899 1
    0.0000000000  0.1708860759  0.1708860759 1
    0.0000000000  0.1645569620  0.1645569620 1
    0.0000000000  0.1582278481  0.1582278481 1
    0.0000000000  0.1518987342  0.1518987342 1
    0.0000000000  0.1455696203  0.1455696203 1
    0.0000000000  0.1392405063  0.1392405063 1
    0.0000000000  0.1329113924  0.1329113924 1
    0.0000000000  0.1265822785  0.1265822785 1
    0.0000000000  0.1202531646  0.1202531646 1
    0.0000000000  0.1139240506  0.1139240506 1
    0.0000000000  0.1075949367  0.1075949367 1
    0.0000000000  0.1012658228  0.1012658228 1
    0.0000000000  0.0949367089  0.0949367089 1
    0.0000000000  0.0886075949  0.0886075949 1
    0.0000000000  0.0822784810  0.0822784810 1
    0.0000000000  0.0759493671  0.0759493671 1
    0.0000000000  0.0696202532  0.0696202532 1
    0.0000000000  0.0632911392  0.0632911392 1
    0.0000000000  0.0569620253  0.0569620253 1
    0.0000000000  0.0506329114  0.0506329114 1
    0.0000000000  0.0443037975  0.0443037975 1
    0.0000000000  0.0379746835  0.0379746835 1
    0.0000000000  0.0316455696  0.0316455696 1
    0.0000000000  0.0253164557  0.0253164557 1
    0.0000000000  0.0189873418  0.0189873418 1
    0.0000000000  0.0126582278  0.0126582278 1
    0.0000000000  0.0063291139  0.0063291139 1
    0.0000000000  0.0000000000  0.0000000000 1
    0.0000000000  0.0000000000  0.0147058824 1
    0.0000000000  0.0000000000  0.0294117647 1
    0.0000000000  0.0000000000  0.0441176471 1
    0.0000000000  0.0000000000  0.0588235294 1
    0.0000000000  0.0000000000  0.0735294118 1
    0.0000000000  0.0000000000  0.0882352941 1
    0.0000000000  0.0000000000  0.1029411765 1
    0.0000000000  0.0000000000  0.1176470588 1
    0.0000000000  0.0000000000  0.1323529412 1
    0.0000000000  0.0000000000  0.1470588235 1
    0.0000000000  0.0000000000  0.1617647059 1
    0.0000000000  0.0000000000  0.1764705882 1
    0.0000000000  0.0000000000  0.1911764706 1
    0.0000000000  0.0000000000  0.2058823529 1
    0.0000000000  0.0000000000  0.2205882353 1
    0.0000000000  0.0000000000  0.2352941176 1
    0.0000000000  0.0000000000  0.2500000000 1
    0.0000000000  0.0000000000  0.2647058824 1
    0.0000000000  0.0000000000  0.2794117647 1
    0.0000000000  0.0000000000  0.2941176471 1
    0.0000000000  0.0000000000  0.3088235294 1
    0.0000000000  0.0000000000  0.3235294118 1
    0.0000000000  0.0000000000  0.3382352941 1
    0.0000000000  0.0000000000  0.3529411765 1
    0.0000000000  0.0000000000  0.3676470588 1
    0.0000000000  0.0000000000  0.3823529412 1
    0.0000000000  0.0000000000  0.3970588235 1
    0.0000000000  0.0000000000  0.4117647059 1
    0.0000000000  0.0000000000  0.4264705882 1
    0.0000000000  0.0000000000  0.4411764706 1
    0.0000000000  0.0000000000  0.4558823529 1
    0.0000000000  0.0000000000  0.4705882353 1
    0.0000000000  0.0000000000  0.4852941176 1
    0.0000000000  0.0000000000  0.5000000000 1
