&input
 flfrc='nbti.777.fc',
 q_in_cryst_coord=.TRUE.,
 asr='simple',
 flfrq='nbti.freq',
/
714
    0.0000000000  0.0000000000  0.0000000000 1
    0.0000000000  0.0046296296  0.0000000000 1
    0.0000000000  0.0092592593  0.0000000000 1
    0.0000000000  0.0138888889  0.0000000000 1
    0.0000000000  0.0185185185  0.0000000000 1
    0.0000000000  0.0231481481  0.0000000000 1
    0.0000000000  0.0277777778  0.0000000000 1
    0.0000000000  0.0324074074  0.0000000000 1
    0.0000000000  0.0370370370  0.0000000000 1
    0.0000000000  0.0416666667  0.0000000000 1
    0.0000000000  0.0462962963  0.0000000000 1
    0.0000000000  0.0509259259  0.0000000000 1
    0.0000000000  0.0555555556  0.0000000000 1
    0.0000000000  0.0601851852  0.0000000000 1
    0.0000000000  0.0648148148  0.0000000000 1
    0.0000000000  0.0694444444  0.0000000000 1
    0.0000000000  0.0740740741  0.0000000000 1
    0.0000000000  0.0787037037  0.0000000000 1
    0.0000000000  0.0833333333  0.0000000000 1
    0.0000000000  0.0879629630  0.0000000000 1
    0.0000000000  0.0925925926  0.0000000000 1
    0.0000000000  0.0972222222  0.0000000000 1
    0.0000000000  0.1018518519  0.0000000000 1
    0.0000000000  0.1064814815  0.0000000000 1
    0.0000000000  0.1111111111  0.0000000000 1
    0.0000000000  0.1157407407  0.0000000000 1
    0.0000000000  0.1203703704  0.0000000000 1
    0.0000000000  0.1250000000  0.0000000000 1
    0.0000000000  0.1296296296  0.0000000000 1
    0.0000000000  0.1342592593  0.0000000000 1
    0.0000000000  0.1388888889  0.0000000000 1
    0.0000000000  0.1435185185  0.0000000000 1
    0.0000000000  0.1481481481  0.0000000000 1
    0.0000000000  0.1527777778  0.0000000000 1
    0.0000000000  0.1574074074  0.0000000000 1
    0.0000000000  0.1620370370  0.0000000000 1
    0.0000000000  0.1666666667  0.0000000000 1
    0.0000000000  0.1712962963  0.0000000000 1
    0.0000000000  0.1759259259  0.0000000000 1
    0.0000000000  0.1805555556  0.0000000000 1
    0.0000000000  0.1851851852  0.0000000000 1
    0.0000000000  0.1898148148  0.0000000000 1
    0.0000000000  0.1944444444  0.0000000000 1
    0.0000000000  0.1990740741  0.0000000000 1
    0.0000000000  0.2037037037  0.0000000000 1
    0.0000000000  0.2083333333  0.0000000000 1
    0.0000000000  0.2129629630  0.0000000000 1
    0.0000000000  0.2175925926  0.0000000000 1
    0.0000000000  0.2222222222  0.0000000000 1
    0.0000000000  0.2268518519  0.0000000000 1
    0.0000000000  0.2314814815  0.0000000000 1
    0.0000000000  0.2361111111  0.0000000000 1
    0.0000000000  0.2407407407  0.0000000000 1
    0.0000000000  0.2453703704  0.0000000000 1
    0.0000000000  0.2500000000  0.0000000000 1
    0.0000000000  0.2546296296  0.0000000000 1
    0.0000000000  0.2592592593  0.0000000000 1
    0.0000000000  0.2638888889  0.0000000000 1
    0.0000000000  0.2685185185  0.0000000000 1
    0.0000000000  0.2731481481  0.0000000000 1
    0.0000000000  0.2777777778  0.0000000000 1
    0.0000000000  0.2824074074  0.0000000000 1
    0.0000000000  0.2870370370  0.0000000000 1
    0.0000000000  0.2916666667  0.0000000000 1
    0.0000000000  0.2962962963  0.0000000000 1
    0.0000000000  0.3009259259  0.0000000000 1
    0.0000000000  0.3055555556  0.0000000000 1
    0.0000000000  0.3101851852  0.0000000000 1
    0.0000000000  0.3148148148  0.0000000000 1
    0.0000000000  0.3194444444  0.0000000000 1
    0.0000000000  0.3240740741  0.0000000000 1
    0.0000000000  0.3287037037  0.0000000000 1
    0.0000000000  0.3333333333  0.0000000000 1
    0.0000000000  0.3379629630  0.0000000000 1
    0.0000000000  0.3425925926  0.0000000000 1
    0.0000000000  0.3472222222  0.0000000000 1
    0.0000000000  0.3518518519  0.0000000000 1
    0.0000000000  0.3564814815  0.0000000000 1
    0.0000000000  0.3611111111  0.0000000000 1
    0.0000000000  0.3657407407  0.0000000000 1
    0.0000000000  0.3703703704  0.0000000000 1
    0.0000000000  0.3750000000  0.0000000000 1
    0.0000000000  0.3796296296  0.0000000000 1
    0.0000000000  0.3842592593  0.0000000000 1
    0.0000000000  0.3888888889  0.0000000000 1
    0.0000000000  0.3935185185  0.0000000000 1
    0.0000000000  0.3981481481  0.0000000000 1
    0.0000000000  0.4027777778  0.0000000000 1
    0.0000000000  0.4074074074  0.0000000000 1
    0.0000000000  0.4120370370  0.0000000000 1
    0.0000000000  0.4166666667  0.0000000000 1
    0.0000000000  0.4212962963  0.0000000000 1
    0.0000000000  0.4259259259  0.0000000000 1
    0.0000000000  0.4305555556  0.0000000000 1
    0.0000000000  0.4351851852  0.0000000000 1
    0.0000000000  0.4398148148  0.0000000000 1
    0.0000000000  0.4444444444  0.0000000000 1
    0.0000000000  0.4490740741  0.0000000000 1
    0.0000000000  0.4537037037  0.0000000000 1
    0.0000000000  0.4583333333  0.0000000000 1
    0.0000000000  0.4629629630  0.0000000000 1
    0.0000000000  0.4675925926  0.0000000000 1
    0.0000000000  0.4722222222  0.0000000000 1
    0.0000000000  0.4768518519  0.0000000000 1
    0.0000000000  0.4814814815  0.0000000000 1
    0.0000000000  0.4861111111  0.0000000000 1
    0.0000000000  0.4907407407  0.0000000000 1
    0.0000000000  0.4953703704  0.0000000000 1
    0.0000000000  0.5000000000  0.0000000000 1
    0.0046296296  0.5000000000  0.0000000000 1
    0.0092592593  0.5000000000  0.0000000000 1
    0.0138888889  0.5000000000  0.0000000000 1
    0.0185185185  0.5000000000  0.0000000000 1
    0.0231481481  0.5000000000  0.0000000000 1
    0.0277777778  0.5000000000  0.0000000000 1
    0.0324074074  0.5000000000  0.0000000000 1
    0.0370370370  0.5000000000  0.0000000000 1
    0.0416666667  0.5000000000  0.0000000000 1
    0.0462962963  0.5000000000  0.0000000000 1
    0.0509259259  0.5000000000  0.0000000000 1
    0.0555555556  0.5000000000  0.0000000000 1
    0.0601851852  0.5000000000  0.0000000000 1
    0.0648148148  0.5000000000  0.0000000000 1
    0.0694444444  0.5000000000  0.0000000000 1
    0.0740740741  0.5000000000  0.0000000000 1
    0.0787037037  0.5000000000  0.0000000000 1
    0.0833333333  0.5000000000  0.0000000000 1
    0.0879629630  0.5000000000  0.0000000000 1
    0.0925925926  0.5000000000  0.0000000000 1
    0.0972222222  0.5000000000  0.0000000000 1
    0.1018518519  0.5000000000  0.0000000000 1
    0.1064814815  0.5000000000  0.0000000000 1
    0.1111111111  0.5000000000  0.0000000000 1
    0.1157407407  0.5000000000  0.0000000000 1
    0.1203703704  0.5000000000  0.0000000000 1
    0.1250000000  0.5000000000  0.0000000000 1
    0.1296296296  0.5000000000  0.0000000000 1
    0.1342592593  0.5000000000  0.0000000000 1
    0.1388888889  0.5000000000  0.0000000000 1
    0.1435185185  0.5000000000  0.0000000000 1
    0.1481481481  0.5000000000  0.0000000000 1
    0.1527777778  0.5000000000  0.0000000000 1
    0.1574074074  0.5000000000  0.0000000000 1
    0.1620370370  0.5000000000  0.0000000000 1
    0.1666666667  0.5000000000  0.0000000000 1
    0.1712962963  0.5000000000  0.0000000000 1
    0.1759259259  0.5000000000  0.0000000000 1
    0.1805555556  0.5000000000  0.0000000000 1
    0.1851851852  0.5000000000  0.0000000000 1
    0.1898148148  0.5000000000  0.0000000000 1
    0.1944444444  0.5000000000  0.0000000000 1
    0.1990740741  0.5000000000  0.0000000000 1
    0.2037037037  0.5000000000  0.0000000000 1
    0.2083333333  0.5000000000  0.0000000000 1
    0.2129629630  0.5000000000  0.0000000000 1
    0.2175925926  0.5000000000  0.0000000000 1
    0.2222222222  0.5000000000  0.0000000000 1
    0.2268518519  0.5000000000  0.0000000000 1
    0.2314814815  0.5000000000  0.0000000000 1
    0.2361111111  0.5000000000  0.0000000000 1
    0.2407407407  0.5000000000  0.0000000000 1
    0.2453703704  0.5000000000  0.0000000000 1
    0.2500000000  0.5000000000  0.0000000000 1
    0.2546296296  0.5000000000  0.0000000000 1
    0.2592592593  0.5000000000  0.0000000000 1
    0.2638888889  0.5000000000  0.0000000000 1
    0.2685185185  0.5000000000  0.0000000000 1
    0.2731481481  0.5000000000  0.0000000000 1
    0.2777777778  0.5000000000  0.0000000000 1
    0.2824074074  0.5000000000  0.0000000000 1
    0.2870370370  0.5000000000  0.0000000000 1
    0.2916666667  0.5000000000  0.0000000000 1
    0.2962962963  0.5000000000  0.0000000000 1
    0.3009259259  0.5000000000  0.0000000000 1
    0.3055555556  0.5000000000  0.0000000000 1
    0.3101851852  0.5000000000  0.0000000000 1
    0.3148148148  0.5000000000  0.0000000000 1
    0.3194444444  0.5000000000  0.0000000000 1
    0.3240740741  0.5000000000  0.0000000000 1
    0.3287037037  0.5000000000  0.0000000000 1
    0.3333333333  0.5000000000  0.0000000000 1
    0.3379629630  0.5000000000  0.0000000000 1
    0.3425925926  0.5000000000  0.0000000000 1
    0.3472222222  0.5000000000  0.0000000000 1
    0.3518518519  0.5000000000  0.0000000000 1
    0.3564814815  0.5000000000  0.0000000000 1
    0.3611111111  0.5000000000  0.0000000000 1
    0.3657407407  0.5000000000  0.0000000000 1
    0.3703703704  0.5000000000  0.0000000000 1
    0.3750000000  0.5000000000  0.0000000000 1
    0.3796296296  0.5000000000  0.0000000000 1
    0.3842592593  0.5000000000  0.0000000000 1
    0.3888888889  0.5000000000  0.0000000000 1
    0.3935185185  0.5000000000  0.0000000000 1
    0.3981481481  0.5000000000  0.0000000000 1
    0.4027777778  0.5000000000  0.0000000000 1
    0.4074074074  0.5000000000  0.0000000000 1
    0.4120370370  0.5000000000  0.0000000000 1
    0.4166666667  0.5000000000  0.0000000000 1
    0.4212962963  0.5000000000  0.0000000000 1
    0.4259259259  0.5000000000  0.0000000000 1
    0.4305555556  0.5000000000  0.0000000000 1
    0.4351851852  0.5000000000  0.0000000000 1
    0.4398148148  0.5000000000  0.0000000000 1
    0.4444444444  0.5000000000  0.0000000000 1
    0.4490740741  0.5000000000  0.0000000000 1
    0.4537037037  0.5000000000  0.0000000000 1
    0.4583333333  0.5000000000  0.0000000000 1
    0.4629629630  0.5000000000  0.0000000000 1
    0.4675925926  0.5000000000  0.0000000000 1
    0.4722222222  0.5000000000  0.0000000000 1
    0.4768518519  0.5000000000  0.0000000000 1
    0.4814814815  0.5000000000  0.0000000000 1
    0.4861111111  0.5000000000  0.0000000000 1
    0.4907407407  0.5000000000  0.0000000000 1
    0.4953703704  0.5000000000  0.0000000000 1
    0.5000000000  0.5000000000  0.0000000000 1
    0.4967532468  0.4967532468  0.0000000000 1
    0.4935064935  0.4935064935  0.0000000000 1
    0.4902597403  0.4902597403  0.0000000000 1
    0.4870129870  0.4870129870  0.0000000000 1
    0.4837662338  0.4837662338  0.0000000000 1
    0.4805194805  0.4805194805  0.0000000000 1
    0.4772727273  0.4772727273  0.0000000000 1
    0.4740259740  0.4740259740  0.0000000000 1
    0.4707792208  0.4707792208  0.0000000000 1
    0.4675324675  0.4675324675  0.0000000000 1
    0.4642857143  0.4642857143  0.0000000000 1
    0.4610389610  0.4610389610  0.0000000000 1
    0.4577922078  0.4577922078  0.0000000000 1
    0.4545454545  0.4545454545  0.0000000000 1
    0.4512987013  0.4512987013  0.0000000000 1
    0.4480519481  0.4480519481  0.0000000000 1
    0.4448051948  0.4448051948  0.0000000000 1
    0.4415584416  0.4415584416  0.0000000000 1
    0.4383116883  0.4383116883  0.0000000000 1
    0.4350649351  0.4350649351  0.0000000000 1
    0.4318181818  0.4318181818  0.0000000000 1
    0.4285714286  0.4285714286  0.0000000000 1
    0.4253246753  0.4253246753  0.0000000000 1
    0.4220779221  0.4220779221  0.0000000000 1
    0.4188311688  0.4188311688  0.0000000000 1
    0.4155844156  0.4155844156  0.0000000000 1
    0.4123376623  0.4123376623  0.0000000000 1
    0.4090909091  0.4090909091  0.0000000000 1
    0.4058441558  0.4058441558  0.0000000000 1
    0.4025974026  0.4025974026  0.0000000000 1
    0.3993506494  0.3993506494  0.0000000000 1
    0.3961038961  0.3961038961  0.0000000000 1
    0.3928571429  0.3928571429  0.0000000000 1
    0.3896103896  0.3896103896  0.0000000000 1
    0.3863636364  0.3863636364  0.0000000000 1
    0.3831168831  0.3831168831  0.0000000000 1
    0.3798701299  0.3798701299  0.0000000000 1
    0.3766233766  0.3766233766  0.0000000000 1
    0.3733766234  0.3733766234  0.0000000000 1
    0.3701298701  0.3701298701  0.0000000000 1
    0.3668831169  0.3668831169  0.0000000000 1
    0.3636363636  0.3636363636  0.0000000000 1
    0.3603896104  0.3603896104  0.0000000000 1
    0.3571428571  0.3571428571  0.0000000000 1
    0.3538961039  0.3538961039  0.0000000000 1
    0.3506493506  0.3506493506  0.0000000000 1
    0.3474025974  0.3474025974  0.0000000000 1
    0.3441558442  0.3441558442  0.0000000000 1
    0.3409090909  0.3409090909  0.0000000000 1
    0.3376623377  0.3376623377  0.0000000000 1
    0.3344155844  0.3344155844  0.0000000000 1
    0.3311688312  0.3311688312  0.0000000000 1
    0.3279220779  0.3279220779  0.0000000000 1
    0.3246753247  0.3246753247  0.0000000000 1
    0.3214285714  0.3214285714  0.0000000000 1
    0.3181818182  0.3181818182  0.0000000000 1
    0.3149350649  0.3149350649  0.0000000000 1
    0.3116883117  0.3116883117  0.0000000000 1
    0.3084415584  0.3084415584  0.0000000000 1
    0.3051948052  0.3051948052  0.0000000000 1
    0.3019480519  0.3019480519  0.0000000000 1
    0.2987012987  0.2987012987  0.0000000000 1
    0.2954545455  0.2954545455  0.0000000000 1
    0.2922077922  0.2922077922  0.0000000000 1
    0.2889610390  0.2889610390  0.0000000000 1
    0.2857142857  0.2857142857  0.0000000000 1
    0.2824675325  0.2824675325  0.0000000000 1
    0.2792207792  0.2792207792  0.0000000000 1
    0.2759740260  0.2759740260  0.0000000000 1
    0.2727272727  0.2727272727  0.0000000000 1
    0.2694805195  0.2694805195  0.0000000000 1
    0.2662337662  0.2662337662  0.0000000000 1
    0.2629870130  0.2629870130  0.0000000000 1
    0.2597402597  0.2597402597  0.0000000000 1
    0.2564935065  0.2564935065  0.0000000000 1
    0.2532467532  0.2532467532  0.0000000000 1
    0.2500000000  0.2500000000  0.0000000000 1
    0.2467532468  0.2467532468  0.0000000000 1
    0.2435064935  0.2435064935  0.0000000000 1
    0.2402597403  0.2402597403  0.0000000000 1
    0.2370129870  0.2370129870  0.0000000000 1
    0.2337662338  0.2337662338  0.0000000000 1
    0.2305194805  0.2305194805  0.0000000000 1
    0.2272727273  0.2272727273  0.0000000000 1
    0.2240259740  0.2240259740  0.0000000000 1
    0.2207792208  0.2207792208  0.0000000000 1
    0.2175324675  0.2175324675  0.0000000000 1
    0.2142857143  0.2142857143  0.0000000000 1
    0.2110389610  0.2110389610  0.0000000000 1
    0.2077922078  0.2077922078  0.0000000000 1
    0.2045454545  0.2045454545  0.0000000000 1
    0.2012987013  0.2012987013  0.0000000000 1
    0.1980519481  0.1980519481  0.0000000000 1
    0.1948051948  0.1948051948  0.0000000000 1
    0.1915584416  0.1915584416  0.0000000000 1
    0.1883116883  0.1883116883  0.0000000000 1
    0.1850649351  0.1850649351  0.0000000000 1
    0.1818181818  0.1818181818  0.0000000000 1
    0.1785714286  0.1785714286  0.0000000000 1
    0.1753246753  0.1753246753  0.0000000000 1
    0.1720779221  0.1720779221  0.0000000000 1
    0.1688311688  0.1688311688  0.0000000000 1
    0.1655844156  0.1655844156  0.0000000000 1
    0.1623376623  0.1623376623  0.0000000000 1
    0.1590909091  0.1590909091  0.0000000000 1
    0.1558441558  0.1558441558  0.0000000000 1
    0.1525974026  0.1525974026  0.0000000000 1
    0.1493506494  0.1493506494  0.0000000000 1
    0.1461038961  0.1461038961  0.0000000000 1
    0.1428571429  0.1428571429  0.0000000000 1
    0.1396103896  0.1396103896  0.0000000000 1
    0.1363636364  0.1363636364  0.0000000000 1
    0.1331168831  0.1331168831  0.0000000000 1
    0.1298701299  0.1298701299  0.0000000000 1
    0.1266233766  0.1266233766  0.0000000000 1
    0.1233766234  0.1233766234  0.0000000000 1
    0.1201298701  0.1201298701  0.0000000000 1
    0.1168831169  0.1168831169  0.0000000000 1
    0.1136363636  0.1136363636  0.0000000000 1
    0.1103896104  0.1103896104  0.0000000000 1
    0.1071428571  0.1071428571  0.0000000000 1
    0.1038961039  0.1038961039  0.0000000000 1
    0.1006493506  0.1006493506  0.0000000000 1
    0.0974025974  0.0974025974  0.0000000000 1
    0.0941558442  0.0941558442  0.0000000000 1
    0.0909090909  0.0909090909  0.0000000000 1
    0.0876623377  0.0876623377  0.0000000000 1
    0.0844155844  0.0844155844  0.0000000000 1
    0.0811688312  0.0811688312  0.0000000000 1
    0.0779220779  0.0779220779  0.0000000000 1
    0.0746753247  0.0746753247  0.0000000000 1
    0.0714285714  0.0714285714  0.0000000000 1
    0.0681818182  0.0681818182  0.0000000000 1
    0.0649350649  0.0649350649  0.0000000000 1
    0.0616883117  0.0616883117  0.0000000000 1
    0.0584415584  0.0584415584  0.0000000000 1
    0.0551948052  0.0551948052  0.0000000000 1
    0.0519480519  0.0519480519  0.0000000000 1
    0.0487012987  0.0487012987  0.0000000000 1
    0.0454545455  0.0454545455  0.0000000000 1
    0.0422077922  0.0422077922  0.0000000000 1
    0.0389610390  0.0389610390  0.0000000000 1
    0.0357142857  0.0357142857  0.0000000000 1
    0.0324675325  0.0324675325  0.0000000000 1
    0.0292207792  0.0292207792  0.0000000000 1
    0.0259740260  0.0259740260  0.0000000000 1
    0.0227272727  0.0227272727  0.0000000000 1
    0.0194805195  0.0194805195  0.0000000000 1
    0.0162337662  0.0162337662  0.0000000000 1
    0.0129870130  0.0129870130  0.0000000000 1
    0.0097402597  0.0097402597  0.0000000000 1
    0.0064935065  0.0064935065  0.0000000000 1
    0.0032467532  0.0032467532  0.0000000000 1
    0.0000000000  0.0000000000  0.0000000000 1
    0.0026455026  0.0026455026  0.0026455026 1
    0.0052910053  0.0052910053  0.0052910053 1
    0.0079365079  0.0079365079  0.0079365079 1
    0.0105820106  0.0105820106  0.0105820106 1
    0.0132275132  0.0132275132  0.0132275132 1
    0.0158730159  0.0158730159  0.0158730159 1
    0.0185185185  0.0185185185  0.0185185185 1
    0.0211640212  0.0211640212  0.0211640212 1
    0.0238095238  0.0238095238  0.0238095238 1
    0.0264550265  0.0264550265  0.0264550265 1
    0.0291005291  0.0291005291  0.0291005291 1
    0.0317460317  0.0317460317  0.0317460317 1
    0.0343915344  0.0343915344  0.0343915344 1
    0.0370370370  0.0370370370  0.0370370370 1
    0.0396825397  0.0396825397  0.0396825397 1
    0.0423280423  0.0423280423  0.0423280423 1
    0.0449735450  0.0449735450  0.0449735450 1
    0.0476190476  0.0476190476  0.0476190476 1
    0.0502645503  0.0502645503  0.0502645503 1
    0.0529100529  0.0529100529  0.0529100529 1
    0.0555555556  0.0555555556  0.0555555556 1
    0.0582010582  0.0582010582  0.0582010582 1
    0.0608465608  0.0608465608  0.0608465608 1
    0.0634920635  0.0634920635  0.0634920635 1
    0.0661375661  0.0661375661  0.0661375661 1
    0.0687830688  0.0687830688  0.0687830688 1
    0.0714285714  0.0714285714  0.0714285714 1
    0.0740740741  0.0740740741  0.0740740741 1
    0.0767195767  0.0767195767  0.0767195767 1
    0.0793650794  0.0793650794  0.0793650794 1
    0.0820105820  0.0820105820  0.0820105820 1
    0.0846560847  0.0846560847  0.0846560847 1
    0.0873015873  0.0873015873  0.0873015873 1
    0.0899470899  0.0899470899  0.0899470899 1
    0.0925925926  0.0925925926  0.0925925926 1
    0.0952380952  0.0952380952  0.0952380952 1
    0.0978835979  0.0978835979  0.0978835979 1
    0.1005291005  0.1005291005  0.1005291005 1
    0.1031746032  0.1031746032  0.1031746032 1
    0.1058201058  0.1058201058  0.1058201058 1
    0.1084656085  0.1084656085  0.1084656085 1
    0.1111111111  0.1111111111  0.1111111111 1
    0.1137566138  0.1137566138  0.1137566138 1
    0.1164021164  0.1164021164  0.1164021164 1
    0.1190476190  0.1190476190  0.1190476190 1
    0.1216931217  0.1216931217  0.1216931217 1
    0.1243386243  0.1243386243  0.1243386243 1
    0.1269841270  0.1269841270  0.1269841270 1
    0.1296296296  0.1296296296  0.1296296296 1
    0.1322751323  0.1322751323  0.1322751323 1
    0.1349206349  0.1349206349  0.1349206349 1
    0.1375661376  0.1375661376  0.1375661376 1
    0.1402116402  0.1402116402  0.1402116402 1
    0.1428571429  0.1428571429  0.1428571429 1
    0.1455026455  0.1455026455  0.1455026455 1
    0.1481481481  0.1481481481  0.1481481481 1
    0.1507936508  0.1507936508  0.1507936508 1
    0.1534391534  0.1534391534  0.1534391534 1
    0.1560846561  0.1560846561  0.1560846561 1
    0.1587301587  0.1587301587  0.1587301587 1
    0.1613756614  0.1613756614  0.1613756614 1
    0.1640211640  0.1640211640  0.1640211640 1
    0.1666666667  0.1666666667  0.1666666667 1
    0.1693121693  0.1693121693  0.1693121693 1
    0.1719576720  0.1719576720  0.1719576720 1
    0.1746031746  0.1746031746  0.1746031746 1
    0.1772486772  0.1772486772  0.1772486772 1
    0.1798941799  0.1798941799  0.1798941799 1
    0.1825396825  0.1825396825  0.1825396825 1
    0.1851851852  0.1851851852  0.1851851852 1
    0.1878306878  0.1878306878  0.1878306878 1
    0.1904761905  0.1904761905  0.1904761905 1
    0.1931216931  0.1931216931  0.1931216931 1
    0.1957671958  0.1957671958  0.1957671958 1
    0.1984126984  0.1984126984  0.1984126984 1
    0.2010582011  0.2010582011  0.2010582011 1
    0.2037037037  0.2037037037  0.2037037037 1
    0.2063492063  0.2063492063  0.2063492063 1
    0.2089947090  0.2089947090  0.2089947090 1
    0.2116402116  0.2116402116  0.2116402116 1
    0.2142857143  0.2142857143  0.2142857143 1
    0.2169312169  0.2169312169  0.2169312169 1
    0.2195767196  0.2195767196  0.2195767196 1
    0.2222222222  0.2222222222  0.2222222222 1
    0.2248677249  0.2248677249  0.2248677249 1
    0.2275132275  0.2275132275  0.2275132275 1
    0.2301587302  0.2301587302  0.2301587302 1
    0.2328042328  0.2328042328  0.2328042328 1
    0.2354497354  0.2354497354  0.2354497354 1
    0.2380952381  0.2380952381  0.2380952381 1
    0.2407407407  0.2407407407  0.2407407407 1
    0.2433862434  0.2433862434  0.2433862434 1
    0.2460317460  0.2460317460  0.2460317460 1
    0.2486772487  0.2486772487  0.2486772487 1
    0.2513227513  0.2513227513  0.2513227513 1
    0.2539682540  0.2539682540  0.2539682540 1
    0.2566137566  0.2566137566  0.2566137566 1
    0.2592592593  0.2592592593  0.2592592593 1
    0.2619047619  0.2619047619  0.2619047619 1
    0.2645502646  0.2645502646  0.2645502646 1
    0.2671957672  0.2671957672  0.2671957672 1
    0.2698412698  0.2698412698  0.2698412698 1
    0.2724867725  0.2724867725  0.2724867725 1
    0.2751322751  0.2751322751  0.2751322751 1
    0.2777777778  0.2777777778  0.2777777778 1
    0.2804232804  0.2804232804  0.2804232804 1
    0.2830687831  0.2830687831  0.2830687831 1
    0.2857142857  0.2857142857  0.2857142857 1
    0.2883597884  0.2883597884  0.2883597884 1
    0.2910052910  0.2910052910  0.2910052910 1
    0.2936507937  0.2936507937  0.2936507937 1
    0.2962962963  0.2962962963  0.2962962963 1
    0.2989417989  0.2989417989  0.2989417989 1
    0.3015873016  0.3015873016  0.3015873016 1
    0.3042328042  0.3042328042  0.3042328042 1
    0.3068783069  0.3068783069  0.3068783069 1
    0.3095238095  0.3095238095  0.3095238095 1
    0.3121693122  0.3121693122  0.3121693122 1
    0.3148148148  0.3148148148  0.3148148148 1
    0.3174603175  0.3174603175  0.3174603175 1
    0.3201058201  0.3201058201  0.3201058201 1
    0.3227513228  0.3227513228  0.3227513228 1
    0.3253968254  0.3253968254  0.3253968254 1
    0.3280423280  0.3280423280  0.3280423280 1
    0.3306878307  0.3306878307  0.3306878307 1
    0.3333333333  0.3333333333  0.3333333333 1
    0.3359788360  0.3359788360  0.3359788360 1
    0.3386243386  0.3386243386  0.3386243386 1
    0.3412698413  0.3412698413  0.3412698413 1
    0.3439153439  0.3439153439  0.3439153439 1
    0.3465608466  0.3465608466  0.3465608466 1
    0.3492063492  0.3492063492  0.3492063492 1
    0.3518518519  0.3518518519  0.3518518519 1
    0.3544973545  0.3544973545  0.3544973545 1
    0.3571428571  0.3571428571  0.3571428571 1
    0.3597883598  0.3597883598  0.3597883598 1
    0.3624338624  0.3624338624  0.3624338624 1
    0.3650793651  0.3650793651  0.3650793651 1
    0.3677248677  0.3677248677  0.3677248677 1
    0.3703703704  0.3703703704  0.3703703704 1
    0.3730158730  0.3730158730  0.3730158730 1
    0.3756613757  0.3756613757  0.3756613757 1
    0.3783068783  0.3783068783  0.3783068783 1
    0.3809523810  0.3809523810  0.3809523810 1
    0.3835978836  0.3835978836  0.3835978836 1
    0.3862433862  0.3862433862  0.3862433862 1
    0.3888888889  0.3888888889  0.3888888889 1
    0.3915343915  0.3915343915  0.3915343915 1
    0.3941798942  0.3941798942  0.3941798942 1
    0.3968253968  0.3968253968  0.3968253968 1
    0.3994708995  0.3994708995  0.3994708995 1
    0.4021164021  0.4021164021  0.4021164021 1
    0.4047619048  0.4047619048  0.4047619048 1
    0.4074074074  0.4074074074  0.4074074074 1
    0.4100529101  0.4100529101  0.4100529101 1
    0.4126984127  0.4126984127  0.4126984127 1
    0.4153439153  0.4153439153  0.4153439153 1
    0.4179894180  0.4179894180  0.4179894180 1
    0.4206349206  0.4206349206  0.4206349206 1
    0.4232804233  0.4232804233  0.4232804233 1
    0.4259259259  0.4259259259  0.4259259259 1
    0.4285714286  0.4285714286  0.4285714286 1
    0.4312169312  0.4312169312  0.4312169312 1
    0.4338624339  0.4338624339  0.4338624339 1
    0.4365079365  0.4365079365  0.4365079365 1
    0.4391534392  0.4391534392  0.4391534392 1
    0.4417989418  0.4417989418  0.4417989418 1
    0.4444444444  0.4444444444  0.4444444444 1
    0.4470899471  0.4470899471  0.4470899471 1
    0.4497354497  0.4497354497  0.4497354497 1
    0.4523809524  0.4523809524  0.4523809524 1
    0.4550264550  0.4550264550  0.4550264550 1
    0.4576719577  0.4576719577  0.4576719577 1
    0.4603174603  0.4603174603  0.4603174603 1
    0.4629629630  0.4629629630  0.4629629630 1
    0.4656084656  0.4656084656  0.4656084656 1
    0.4682539683  0.4682539683  0.4682539683 1
    0.4708994709  0.4708994709  0.4708994709 1
    0.4735449735  0.4735449735  0.4735449735 1
    0.4761904762  0.4761904762  0.4761904762 1
    0.4788359788  0.4788359788  0.4788359788 1
    0.4814814815  0.4814814815  0.4814814815 1
    0.4841269841  0.4841269841  0.4841269841 1
    0.4867724868  0.4867724868  0.4867724868 1
    0.4894179894  0.4894179894  0.4894179894 1
    0.4920634921  0.4920634921  0.4920634921 1
    0.4947089947  0.4947089947  0.4947089947 1
    0.4973544974  0.4973544974  0.4973544974 1
    0.5000000000  0.5000000000  0.5000000000 1
    0.4967532468  0.5000000000  0.4967532468 1
    0.4935064935  0.5000000000  0.4935064935 1
    0.4902597403  0.5000000000  0.4902597403 1
    0.4870129870  0.5000000000  0.4870129870 1
    0.4837662338  0.5000000000  0.4837662338 1
    0.4805194805  0.5000000000  0.4805194805 1
    0.4772727273  0.5000000000  0.4772727273 1
    0.4740259740  0.5000000000  0.4740259740 1
    0.4707792208  0.5000000000  0.4707792208 1
    0.4675324675  0.5000000000  0.4675324675 1
    0.4642857143  0.5000000000  0.4642857143 1
    0.4610389610  0.5000000000  0.4610389610 1
    0.4577922078  0.5000000000  0.4577922078 1
    0.4545454545  0.5000000000  0.4545454545 1
    0.4512987013  0.5000000000  0.4512987013 1
    0.4480519481  0.5000000000  0.4480519481 1
    0.4448051948  0.5000000000  0.4448051948 1
    0.4415584416  0.5000000000  0.4415584416 1
    0.4383116883  0.5000000000  0.4383116883 1
    0.4350649351  0.5000000000  0.4350649351 1
    0.4318181818  0.5000000000  0.4318181818 1
    0.4285714286  0.5000000000  0.4285714286 1
    0.4253246753  0.5000000000  0.4253246753 1
    0.4220779221  0.5000000000  0.4220779221 1
    0.4188311688  0.5000000000  0.4188311688 1
    0.4155844156  0.5000000000  0.4155844156 1
    0.4123376623  0.5000000000  0.4123376623 1
    0.4090909091  0.5000000000  0.4090909091 1
    0.4058441558  0.5000000000  0.4058441558 1
    0.4025974026  0.5000000000  0.4025974026 1
    0.3993506494  0.5000000000  0.3993506494 1
    0.3961038961  0.5000000000  0.3961038961 1
    0.3928571429  0.5000000000  0.3928571429 1
    0.3896103896  0.5000000000  0.3896103896 1
    0.3863636364  0.5000000000  0.3863636364 1
    0.3831168831  0.5000000000  0.3831168831 1
    0.3798701299  0.5000000000  0.3798701299 1
    0.3766233766  0.5000000000  0.3766233766 1
    0.3733766234  0.5000000000  0.3733766234 1
    0.3701298701  0.5000000000  0.3701298701 1
    0.3668831169  0.5000000000  0.3668831169 1
    0.3636363636  0.5000000000  0.3636363636 1
    0.3603896104  0.5000000000  0.3603896104 1
    0.3571428571  0.5000000000  0.3571428571 1
    0.3538961039  0.5000000000  0.3538961039 1
    0.3506493506  0.5000000000  0.3506493506 1
    0.3474025974  0.5000000000  0.3474025974 1
    0.3441558442  0.5000000000  0.3441558442 1
    0.3409090909  0.5000000000  0.3409090909 1
    0.3376623377  0.5000000000  0.3376623377 1
    0.3344155844  0.5000000000  0.3344155844 1
    0.3311688312  0.5000000000  0.3311688312 1
    0.3279220779  0.5000000000  0.3279220779 1
    0.3246753247  0.5000000000  0.3246753247 1
    0.3214285714  0.5000000000  0.3214285714 1
    0.3181818182  0.5000000000  0.3181818182 1
    0.3149350649  0.5000000000  0.3149350649 1
    0.3116883117  0.5000000000  0.3116883117 1
    0.3084415584  0.5000000000  0.3084415584 1
    0.3051948052  0.5000000000  0.3051948052 1
    0.3019480519  0.5000000000  0.3019480519 1
    0.2987012987  0.5000000000  0.2987012987 1
    0.2954545455  0.5000000000  0.2954545455 1
    0.2922077922  0.5000000000  0.2922077922 1
    0.2889610390  0.5000000000  0.2889610390 1
    0.2857142857  0.5000000000  0.2857142857 1
    0.2824675325  0.5000000000  0.2824675325 1
    0.2792207792  0.5000000000  0.2792207792 1
    0.2759740260  0.5000000000  0.2759740260 1
    0.2727272727  0.5000000000  0.2727272727 1
    0.2694805195  0.5000000000  0.2694805195 1
    0.2662337662  0.5000000000  0.2662337662 1
    0.2629870130  0.5000000000  0.2629870130 1
    0.2597402597  0.5000000000  0.2597402597 1
    0.2564935065  0.5000000000  0.2564935065 1
    0.2532467532  0.5000000000  0.2532467532 1
    0.2500000000  0.5000000000  0.2500000000 1
    0.2467532468  0.5000000000  0.2467532468 1
    0.2435064935  0.5000000000  0.2435064935 1
    0.2402597403  0.5000000000  0.2402597403 1
    0.2370129870  0.5000000000  0.2370129870 1
    0.2337662338  0.5000000000  0.2337662338 1
    0.2305194805  0.5000000000  0.2305194805 1
    0.2272727273  0.5000000000  0.2272727273 1
    0.2240259740  0.5000000000  0.2240259740 1
    0.2207792208  0.5000000000  0.2207792208 1
    0.2175324675  0.5000000000  0.2175324675 1
    0.2142857143  0.5000000000  0.2142857143 1
    0.2110389610  0.5000000000  0.2110389610 1
    0.2077922078  0.5000000000  0.2077922078 1
    0.2045454545  0.5000000000  0.2045454545 1
    0.2012987013  0.5000000000  0.2012987013 1
    0.1980519481  0.5000000000  0.1980519481 1
    0.1948051948  0.5000000000  0.1948051948 1
    0.1915584416  0.5000000000  0.1915584416 1
    0.1883116883  0.5000000000  0.1883116883 1
    0.1850649351  0.5000000000  0.1850649351 1
    0.1818181818  0.5000000000  0.1818181818 1
    0.1785714286  0.5000000000  0.1785714286 1
    0.1753246753  0.5000000000  0.1753246753 1
    0.1720779221  0.5000000000  0.1720779221 1
    0.1688311688  0.5000000000  0.1688311688 1
    0.1655844156  0.5000000000  0.1655844156 1
    0.1623376623  0.5000000000  0.1623376623 1
    0.1590909091  0.5000000000  0.1590909091 1
    0.1558441558  0.5000000000  0.1558441558 1
    0.1525974026  0.5000000000  0.1525974026 1
    0.1493506494  0.5000000000  0.1493506494 1
    0.1461038961  0.5000000000  0.1461038961 1
    0.1428571429  0.5000000000  0.1428571429 1
    0.1396103896  0.5000000000  0.1396103896 1
    0.1363636364  0.5000000000  0.1363636364 1
    0.1331168831  0.5000000000  0.1331168831 1
    0.1298701299  0.5000000000  0.1298701299 1
    0.1266233766  0.5000000000  0.1266233766 1
    0.1233766234  0.5000000000  0.1233766234 1
    0.1201298701  0.5000000000  0.1201298701 1
    0.1168831169  0.5000000000  0.1168831169 1
    0.1136363636  0.5000000000  0.1136363636 1
    0.1103896104  0.5000000000  0.1103896104 1
    0.1071428571  0.5000000000  0.1071428571 1
    0.1038961039  0.5000000000  0.1038961039 1
    0.1006493506  0.5000000000  0.1006493506 1
    0.0974025974  0.5000000000  0.0974025974 1
    0.0941558442  0.5000000000  0.0941558442 1
    0.0909090909  0.5000000000  0.0909090909 1
    0.0876623377  0.5000000000  0.0876623377 1
    0.0844155844  0.5000000000  0.0844155844 1
    0.0811688312  0.5000000000  0.0811688312 1
    0.0779220779  0.5000000000  0.0779220779 1
    0.0746753247  0.5000000000  0.0746753247 1
    0.0714285714  0.5000000000  0.0714285714 1
    0.0681818182  0.5000000000  0.0681818182 1
    0.0649350649  0.5000000000  0.0649350649 1
    0.0616883117  0.5000000000  0.0616883117 1
    0.0584415584  0.5000000000  0.0584415584 1
    0.0551948052  0.5000000000  0.0551948052 1
    0.0519480519  0.5000000000  0.0519480519 1
    0.0487012987  0.5000000000  0.0487012987 1
    0.0454545455  0.5000000000  0.0454545455 1
    0.0422077922  0.5000000000  0.0422077922 1
    0.0389610390  0.5000000000  0.0389610390 1
    0.0357142857  0.5000000000  0.0357142857 1
    0.0324675325  0.5000000000  0.0324675325 1
    0.0292207792  0.5000000000  0.0292207792 1
    0.0259740260  0.5000000000  0.0259740260 1
    0.0227272727  0.5000000000  0.0227272727 1
    0.0194805195  0.5000000000  0.0194805195 1
    0.0162337662  0.5000000000  0.0162337662 1
    0.0129870130  0.5000000000  0.0129870130 1
    0.0097402597  0.5000000000  0.0097402597 1
    0.0064935065  0.5000000000  0.0064935065 1
    0.0032467532  0.5000000000  0.0032467532 1
    0.0000000000  0.5000000000  0.0000000000 1
