&input
 flfrc='hea.332.fc',
 q_in_cryst_coord=.TRUE.,
 asr='simple',
 flfrq='hea.freq',
/
464
    0.0000000000  0.0000000000  0.0000000000 1
    0.0000000000  0.0066666667  0.0000000000 1
    0.0000000000  0.0133333333  0.0000000000 1
    0.0000000000  0.0200000000  0.0000000000 1
    0.0000000000  0.0266666667  0.0000000000 1
    0.0000000000  0.0333333333  0.0000000000 1
    0.0000000000  0.0400000000  0.0000000000 1
    0.0000000000  0.0466666667  0.0000000000 1
    0.0000000000  0.0533333333  0.0000000000 1
    0.0000000000  0.0600000000  0.0000000000 1
    0.0000000000  0.0666666667  0.0000000000 1
    0.0000000000  0.0733333333  0.0000000000 1
    0.0000000000  0.0800000000  0.0000000000 1
    0.0000000000  0.0866666667  0.0000000000 1
    0.0000000000  0.0933333333  0.0000000000 1
    0.0000000000  0.1000000000  0.0000000000 1
    0.0000000000  0.1066666667  0.0000000000 1
    0.0000000000  0.1133333333  0.0000000000 1
    0.0000000000  0.1200000000  0.0000000000 1
    0.0000000000  0.1266666667  0.0000000000 1
    0.0000000000  0.1333333333  0.0000000000 1
    0.0000000000  0.1400000000  0.0000000000 1
    0.0000000000  0.1466666667  0.0000000000 1
    0.0000000000  0.1533333333  0.0000000000 1
    0.0000000000  0.1600000000  0.0000000000 1
    0.0000000000  0.1666666667  0.0000000000 1
    0.0000000000  0.1733333333  0.0000000000 1
    0.0000000000  0.1800000000  0.0000000000 1
    0.0000000000  0.1866666667  0.0000000000 1
    0.0000000000  0.1933333333  0.0000000000 1
    0.0000000000  0.2000000000  0.0000000000 1
    0.0000000000  0.2066666667  0.0000000000 1
    0.0000000000  0.2133333333  0.0000000000 1
    0.0000000000  0.2200000000  0.0000000000 1
    0.0000000000  0.2266666667  0.0000000000 1
    0.0000000000  0.2333333333  0.0000000000 1
    0.0000000000  0.2400000000  0.0000000000 1
    0.0000000000  0.2466666667  0.0000000000 1
    0.0000000000  0.2533333333  0.0000000000 1
    0.0000000000  0.2600000000  0.0000000000 1
    0.0000000000  0.2666666667  0.0000000000 1
    0.0000000000  0.2733333333  0.0000000000 1
    0.0000000000  0.2800000000  0.0000000000 1
    0.0000000000  0.2866666667  0.0000000000 1
    0.0000000000  0.2933333333  0.0000000000 1
    0.0000000000  0.3000000000  0.0000000000 1
    0.0000000000  0.3066666667  0.0000000000 1
    0.0000000000  0.3133333333  0.0000000000 1
    0.0000000000  0.3200000000  0.0000000000 1
    0.0000000000  0.3266666667  0.0000000000 1
    0.0000000000  0.3333333333  0.0000000000 1
    0.0000000000  0.3400000000  0.0000000000 1
    0.0000000000  0.3466666667  0.0000000000 1
    0.0000000000  0.3533333333  0.0000000000 1
    0.0000000000  0.3600000000  0.0000000000 1
    0.0000000000  0.3666666667  0.0000000000 1
    0.0000000000  0.3733333333  0.0000000000 1
    0.0000000000  0.3800000000  0.0000000000 1
    0.0000000000  0.3866666667  0.0000000000 1
    0.0000000000  0.3933333333  0.0000000000 1
    0.0000000000  0.4000000000  0.0000000000 1
    0.0000000000  0.4066666667  0.0000000000 1
    0.0000000000  0.4133333333  0.0000000000 1
    0.0000000000  0.4200000000  0.0000000000 1
    0.0000000000  0.4266666667  0.0000000000 1
    0.0000000000  0.4333333333  0.0000000000 1
    0.0000000000  0.4400000000  0.0000000000 1
    0.0000000000  0.4466666667  0.0000000000 1
    0.0000000000  0.4533333333  0.0000000000 1
    0.0000000000  0.4600000000  0.0000000000 1
    0.0000000000  0.4666666667  0.0000000000 1
    0.0000000000  0.4733333333  0.0000000000 1
    0.0000000000  0.4800000000  0.0000000000 1
    0.0000000000  0.4866666667  0.0000000000 1
    0.0000000000  0.4933333333  0.0000000000 1
    0.0000000000  0.5000000000  0.0000000000 1
    -0.0039436620  0.5030985915  0.0000000000 1
    -0.0078873239  0.5061971831  0.0000000000 1
    -0.0118309859  0.5092957746  0.0000000000 1
    -0.0157746479  0.5123943662  0.0000000000 1
    -0.0197183099  0.5154929577  0.0000000000 1
    -0.0236619718  0.5185915493  0.0000000000 1
    -0.0276056338  0.5216901408  0.0000000000 1
    -0.0315492958  0.5247887324  0.0000000000 1
    -0.0354929577  0.5278873239  0.0000000000 1
    -0.0394366197  0.5309859155  0.0000000000 1
    -0.0433802817  0.5340845070  0.0000000000 1
    -0.0473239437  0.5371830986  0.0000000000 1
    -0.0512676056  0.5402816901  0.0000000000 1
    -0.0552112676  0.5433802817  0.0000000000 1
    -0.0591549296  0.5464788732  0.0000000000 1
    -0.0630985915  0.5495774648  0.0000000000 1
    -0.0670422535  0.5526760563  0.0000000000 1
    -0.0709859155  0.5557746479  0.0000000000 1
    -0.0749295775  0.5588732394  0.0000000000 1
    -0.0788732394  0.5619718310  0.0000000000 1
    -0.0828169014  0.5650704225  0.0000000000 1
    -0.0867605634  0.5681690141  0.0000000000 1
    -0.0907042254  0.5712676056  0.0000000000 1
    -0.0946478873  0.5743661972  0.0000000000 1
    -0.0985915493  0.5774647887  0.0000000000 1
    -0.1025352113  0.5805633803  0.0000000000 1
    -0.1064788732  0.5836619718  0.0000000000 1
    -0.1104225352  0.5867605634  0.0000000000 1
    -0.1143661972  0.5898591549  0.0000000000 1
    -0.1183098592  0.5929577465  0.0000000000 1
    -0.1222535211  0.5960563380  0.0000000000 1
    -0.1261971831  0.5991549296  0.0000000000 1
    -0.1301408451  0.6022535211  0.0000000000 1
    -0.1340845070  0.6053521127  0.0000000000 1
    -0.1380281690  0.6084507042  0.0000000000 1
    -0.1419718310  0.6115492958  0.0000000000 1
    -0.1459154930  0.6146478873  0.0000000000 1
    -0.1498591549  0.6177464789  0.0000000000 1
    -0.1538028169  0.6208450704  0.0000000000 1
    -0.1577464789  0.6239436620  0.0000000000 1
    -0.1616901408  0.6270422535  0.0000000000 1
    -0.1656338028  0.6301408451  0.0000000000 1
    -0.1695774648  0.6332394366  0.0000000000 1
    -0.1735211268  0.6363380282  0.0000000000 1
    -0.1774647887  0.6394366197  0.0000000000 1
    -0.1814084507  0.6425352113  0.0000000000 1
    -0.1853521127  0.6456338028  0.0000000000 1
    -0.1892957746  0.6487323944  0.0000000000 1
    -0.1932394366  0.6518309859  0.0000000000 1
    -0.1971830986  0.6549295775  0.0000000000 1
    -0.2011267606  0.6580281690  0.0000000000 1
    -0.2050704225  0.6611267606  0.0000000000 1
    -0.2090140845  0.6642253521  0.0000000000 1
    -0.2129577465  0.6673239437  0.0000000000 1
    -0.2169014085  0.6704225352  0.0000000000 1
    -0.2208450704  0.6735211268  0.0000000000 1
    -0.2247887324  0.6766197183  0.0000000000 1
    -0.2287323944  0.6797183099  0.0000000000 1
    -0.2326760563  0.6828169014  0.0000000000 1
    -0.2366197183  0.6859154930  0.0000000000 1
    -0.2405633803  0.6890140845  0.0000000000 1
    -0.2445070423  0.6921126761  0.0000000000 1
    -0.2484507042  0.6952112676  0.0000000000 1
    -0.2523943662  0.6983098592  0.0000000000 1
    -0.2563380282  0.7014084507  0.0000000000 1
    -0.2602816901  0.7045070423  0.0000000000 1
    -0.2642253521  0.7076056338  0.0000000000 1
    -0.2681690141  0.7107042254  0.0000000000 1
    -0.2721126761  0.7138028169  0.0000000000 1
    -0.2760563380  0.7169014085  0.0000000000 1
    -0.2800000000  0.7200000000  0.0000000000 1
    -0.2904761905  0.7095238095  0.0000000000 1
    -0.3009523810  0.6990476190  0.0000000000 1
    -0.3114285714  0.6885714286  0.0000000000 1
    -0.3219047619  0.6780952381  0.0000000000 1
    -0.3323809524  0.6676190476  0.0000000000 1
    -0.3428571429  0.6571428571  0.0000000000 1
    -0.3533333333  0.6466666667  0.0000000000 1
    -0.3638095238  0.6361904762  0.0000000000 1
    -0.3742857143  0.6257142857  0.0000000000 1
    -0.3847619048  0.6152380952  0.0000000000 1
    -0.3952380952  0.6047619048  0.0000000000 1
    -0.4057142857  0.5942857143  0.0000000000 1
    -0.4161904762  0.5838095238  0.0000000000 1
    -0.4266666667  0.5733333333  0.0000000000 1
    -0.4371428571  0.5628571429  0.0000000000 1
    -0.4476190476  0.5523809524  0.0000000000 1
    -0.4580952381  0.5419047619  0.0000000000 1
    -0.4685714286  0.5314285714  0.0000000000 1
    -0.4790476190  0.5209523810  0.0000000000 1
    -0.4895238095  0.5104761905  0.0000000000 1
    -0.5000000000  0.5000000000  0.0000000000 1
    -0.4897959184  0.4897959184  0.0000000000 1
    -0.4795918367  0.4795918367  0.0000000000 1
    -0.4693877551  0.4693877551  0.0000000000 1
    -0.4591836735  0.4591836735  0.0000000000 1
    -0.4489795918  0.4489795918  0.0000000000 1
    -0.4387755102  0.4387755102  0.0000000000 1
    -0.4285714286  0.4285714286  0.0000000000 1
    -0.4183673469  0.4183673469  0.0000000000 1
    -0.4081632653  0.4081632653  0.0000000000 1
    -0.3979591837  0.3979591837  0.0000000000 1
    -0.3877551020  0.3877551020  0.0000000000 1
    -0.3775510204  0.3775510204  0.0000000000 1
    -0.3673469388  0.3673469388  0.0000000000 1
    -0.3571428571  0.3571428571  0.0000000000 1
    -0.3469387755  0.3469387755  0.0000000000 1
    -0.3367346939  0.3367346939  0.0000000000 1
    -0.3265306122  0.3265306122  0.0000000000 1
    -0.3163265306  0.3163265306  0.0000000000 1
    -0.3061224490  0.3061224490  0.0000000000 1
    -0.2959183673  0.2959183673  0.0000000000 1
    -0.2857142857  0.2857142857  0.0000000000 1
    -0.2755102041  0.2755102041  0.0000000000 1
    -0.2653061224  0.2653061224  0.0000000000 1
    -0.2551020408  0.2551020408  0.0000000000 1
    -0.2448979592  0.2448979592  0.0000000000 1
    -0.2346938776  0.2346938776  0.0000000000 1
    -0.2244897959  0.2244897959  0.0000000000 1
    -0.2142857143  0.2142857143  0.0000000000 1
    -0.2040816327  0.2040816327  0.0000000000 1
    -0.1938775510  0.1938775510  0.0000000000 1
    -0.1836734694  0.1836734694  0.0000000000 1
    -0.1734693878  0.1734693878  0.0000000000 1
    -0.1632653061  0.1632653061  0.0000000000 1
    -0.1530612245  0.1530612245  0.0000000000 1
    -0.1428571429  0.1428571429  0.0000000000 1
    -0.1326530612  0.1326530612  0.0000000000 1
    -0.1224489796  0.1224489796  0.0000000000 1
    -0.1122448980  0.1122448980  0.0000000000 1
    -0.1020408163  0.1020408163  0.0000000000 1
    -0.0918367347  0.0918367347  0.0000000000 1
    -0.0816326531  0.0816326531  0.0000000000 1
    -0.0714285714  0.0714285714  0.0000000000 1
    -0.0612244898  0.0612244898  0.0000000000 1
    -0.0510204082  0.0510204082  0.0000000000 1
    -0.0408163265  0.0408163265  0.0000000000 1
    -0.0306122449  0.0306122449  0.0000000000 1
    -0.0204081633  0.0204081633  0.0000000000 1
    -0.0102040816  0.0102040816  0.0000000000 1
    0.0000000000  0.0000000000  0.0000000000 1
    -0.0116279070  0.0116279070  0.0116279070 1
    -0.0232558140  0.0232558140  0.0232558140 1
    -0.0348837209  0.0348837209  0.0348837209 1
    -0.0465116279  0.0465116279  0.0465116279 1
    -0.0581395349  0.0581395349  0.0581395349 1
    -0.0697674419  0.0697674419  0.0697674419 1
    -0.0813953488  0.0813953488  0.0813953488 1
    -0.0930232558  0.0930232558  0.0930232558 1
    -0.1046511628  0.1046511628  0.1046511628 1
    -0.1162790698  0.1162790698  0.1162790698 1
    -0.1279069767  0.1279069767  0.1279069767 1
    -0.1395348837  0.1395348837  0.1395348837 1
    -0.1511627907  0.1511627907  0.1511627907 1
    -0.1627906977  0.1627906977  0.1627906977 1
    -0.1744186047  0.1744186047  0.1744186047 1
    -0.1860465116  0.1860465116  0.1860465116 1
    -0.1976744186  0.1976744186  0.1976744186 1
    -0.2093023256  0.2093023256  0.2093023256 1
    -0.2209302326  0.2209302326  0.2209302326 1
    -0.2325581395  0.2325581395  0.2325581395 1
    -0.2441860465  0.2441860465  0.2441860465 1
    -0.2558139535  0.2558139535  0.2558139535 1
    -0.2674418605  0.2674418605  0.2674418605 1
    -0.2790697674  0.2790697674  0.2790697674 1
    -0.2906976744  0.2906976744  0.2906976744 1
    -0.3023255814  0.3023255814  0.3023255814 1
    -0.3139534884  0.3139534884  0.3139534884 1
    -0.3255813953  0.3255813953  0.3255813953 1
    -0.3372093023  0.3372093023  0.3372093023 1
    -0.3488372093  0.3488372093  0.3488372093 1
    -0.3604651163  0.3604651163  0.3604651163 1
    -0.3720930233  0.3720930233  0.3720930233 1
    -0.3837209302  0.3837209302  0.3837209302 1
    -0.3953488372  0.3953488372  0.3953488372 1
    -0.4069767442  0.4069767442  0.4069767442 1
    -0.4186046512  0.4186046512  0.4186046512 1
    -0.4302325581  0.4302325581  0.4302325581 1
    -0.4418604651  0.4418604651  0.4418604651 1
    -0.4534883721  0.4534883721  0.4534883721 1
    -0.4651162791  0.4651162791  0.4651162791 1
    -0.4767441860  0.4767441860  0.4767441860 1
    -0.4883720930  0.4883720930  0.4883720930 1
    -0.5000000000  0.5000000000  0.5000000000 1
    -0.4895652174  0.5104347826  0.5000000000 1
    -0.4791304348  0.5208695652  0.5000000000 1
    -0.4686956522  0.5313043478  0.5000000000 1
    -0.4582608696  0.5417391304  0.5000000000 1
    -0.4478260870  0.5521739130  0.5000000000 1
    -0.4373913043  0.5626086957  0.5000000000 1
    -0.4269565217  0.5730434783  0.5000000000 1
    -0.4165217391  0.5834782609  0.5000000000 1
    -0.4060869565  0.5939130435  0.5000000000 1
    -0.3956521739  0.6043478261  0.5000000000 1
    -0.3852173913  0.6147826087  0.5000000000 1
    -0.3747826087  0.6252173913  0.5000000000 1
    -0.3643478261  0.6356521739  0.5000000000 1
    -0.3539130435  0.6460869565  0.5000000000 1
    -0.3434782609  0.6565217391  0.5000000000 1
    -0.3330434783  0.6669565217  0.5000000000 1
    -0.3226086957  0.6773913043  0.5000000000 1
    -0.3121739130  0.6878260870  0.5000000000 1
    -0.3017391304  0.6982608696  0.5000000000 1
    -0.2913043478  0.7086956522  0.5000000000 1
    -0.2808695652  0.7191304348  0.5000000000 1
    -0.2704347826  0.7295652174  0.5000000000 1
    -0.2600000000  0.7400000000  0.5000000000 1
    -0.2563380282  0.7366197183  0.5000000000 1
    -0.2526760563  0.7332394366  0.5000000000 1
    -0.2490140845  0.7298591549  0.5000000000 1
    -0.2453521127  0.7264788732  0.5000000000 1
    -0.2416901408  0.7230985915  0.5000000000 1
    -0.2380281690  0.7197183099  0.5000000000 1
    -0.2343661972  0.7163380282  0.5000000000 1
    -0.2307042254  0.7129577465  0.5000000000 1
    -0.2270422535  0.7095774648  0.5000000000 1
    -0.2233802817  0.7061971831  0.5000000000 1
    -0.2197183099  0.7028169014  0.5000000000 1
    -0.2160563380  0.6994366197  0.5000000000 1
    -0.2123943662  0.6960563380  0.5000000000 1
    -0.2087323944  0.6926760563  0.5000000000 1
    -0.2050704225  0.6892957746  0.5000000000 1
    -0.2014084507  0.6859154930  0.5000000000 1
    -0.1977464789  0.6825352113  0.5000000000 1
    -0.1940845070  0.6791549296  0.5000000000 1
    -0.1904225352  0.6757746479  0.5000000000 1
    -0.1867605634  0.6723943662  0.5000000000 1
    -0.1830985915  0.6690140845  0.5000000000 1
    -0.1794366197  0.6656338028  0.5000000000 1
    -0.1757746479  0.6622535211  0.5000000000 1
    -0.1721126761  0.6588732394  0.5000000000 1
    -0.1684507042  0.6554929577  0.5000000000 1
    -0.1647887324  0.6521126761  0.5000000000 1
    -0.1611267606  0.6487323944  0.5000000000 1
    -0.1574647887  0.6453521127  0.5000000000 1
    -0.1538028169  0.6419718310  0.5000000000 1
    -0.1501408451  0.6385915493  0.5000000000 1
    -0.1464788732  0.6352112676  0.5000000000 1
    -0.1428169014  0.6318309859  0.5000000000 1
    -0.1391549296  0.6284507042  0.5000000000 1
    -0.1354929577  0.6250704225  0.5000000000 1
    -0.1318309859  0.6216901408  0.5000000000 1
    -0.1281690141  0.6183098592  0.5000000000 1
    -0.1245070423  0.6149295775  0.5000000000 1
    -0.1208450704  0.6115492958  0.5000000000 1
    -0.1171830986  0.6081690141  0.5000000000 1
    -0.1135211268  0.6047887324  0.5000000000 1
    -0.1098591549  0.6014084507  0.5000000000 1
    -0.1061971831  0.5980281690  0.5000000000 1
    -0.1025352113  0.5946478873  0.5000000000 1
    -0.0988732394  0.5912676056  0.5000000000 1
    -0.0952112676  0.5878873239  0.5000000000 1
    -0.0915492958  0.5845070423  0.5000000000 1
    -0.0878873239  0.5811267606  0.5000000000 1
    -0.0842253521  0.5777464789  0.5000000000 1
    -0.0805633803  0.5743661972  0.5000000000 1
    -0.0769014085  0.5709859155  0.5000000000 1
    -0.0732394366  0.5676056338  0.5000000000 1
    -0.0695774648  0.5642253521  0.5000000000 1
    -0.0659154930  0.5608450704  0.5000000000 1
    -0.0622535211  0.5574647887  0.5000000000 1
    -0.0585915493  0.5540845070  0.5000000000 1
    -0.0549295775  0.5507042254  0.5000000000 1
    -0.0512676056  0.5473239437  0.5000000000 1
    -0.0476056338  0.5439436620  0.5000000000 1
    -0.0439436620  0.5405633803  0.5000000000 1
    -0.0402816901  0.5371830986  0.5000000000 1
    -0.0366197183  0.5338028169  0.5000000000 1
    -0.0329577465  0.5304225352  0.5000000000 1
    -0.0292957746  0.5270422535  0.5000000000 1
    -0.0256338028  0.5236619718  0.5000000000 1
    -0.0219718310  0.5202816901  0.5000000000 1
    -0.0183098592  0.5169014085  0.5000000000 1
    -0.0146478873  0.5135211268  0.5000000000 1
    -0.0109859155  0.5101408451  0.5000000000 1
    -0.0073239437  0.5067605634  0.5000000000 1
    -0.0036619718  0.5033802817  0.5000000000 1
    0.0000000000  0.5000000000  0.5000000000 1
    0.0000000000  0.4935064935  0.4935064935 1
    0.0000000000  0.4870129870  0.4870129870 1
    0.0000000000  0.4805194805  0.4805194805 1
    0.0000000000  0.4740259740  0.4740259740 1
    0.0000000000  0.4675324675  0.4675324675 1
    0.0000000000  0.4610389610  0.4610389610 1
    0.0000000000  0.4545454545  0.4545454545 1
    0.0000000000  0.4480519481  0.4480519481 1
    0.0000000000  0.4415584416  0.4415584416 1
    0.0000000000  0.4350649351  0.4350649351 1
    0.0000000000  0.4285714286  0.4285714286 1
    0.0000000000  0.4220779221  0.4220779221 1
    0.0000000000  0.4155844156  0.4155844156 1
    0.0000000000  0.4090909091  0.4090909091 1
    0.0000000000  0.4025974026  0.4025974026 1
    0.0000000000  0.3961038961  0.3961038961 1
    0.0000000000  0.3896103896  0.3896103896 1
    0.0000000000  0.3831168831  0.3831168831 1
    0.0000000000  0.3766233766  0.3766233766 1
    0.0000000000  0.3701298701  0.3701298701 1
    0.0000000000  0.3636363636  0.3636363636 1
    0.0000000000  0.3571428571  0.3571428571 1
    0.0000000000  0.3506493506  0.3506493506 1
    0.0000000000  0.3441558442  0.3441558442 1
    0.0000000000  0.3376623377  0.3376623377 1
    0.0000000000  0.3311688312  0.3311688312 1
    0.0000000000  0.3246753247  0.3246753247 1
    0.0000000000  0.3181818182  0.3181818182 1
    0.0000000000  0.3116883117  0.3116883117 1
    0.0000000000  0.3051948052  0.3051948052 1
    0.0000000000  0.2987012987  0.2987012987 1
    0.0000000000  0.2922077922  0.2922077922 1
    0.0000000000  0.2857142857  0.2857142857 1
    0.0000000000  0.2792207792  0.2792207792 1
    0.0000000000  0.2727272727  0.2727272727 1
    0.0000000000  0.2662337662  0.2662337662 1
    0.0000000000  0.2597402597  0.2597402597 1
    0.0000000000  0.2532467532  0.2532467532 1
    0.0000000000  0.2467532468  0.2467532468 1
    0.0000000000  0.2402597403  0.2402597403 1
    0.0000000000  0.2337662338  0.2337662338 1
    0.0000000000  0.2272727273  0.2272727273 1
    0.0000000000  0.2207792208  0.2207792208 1
    0.0000000000  0.2142857143  0.2142857143 1
    0.0000000000  0.2077922078  0.2077922078 1
    0.0000000000  0.2012987013  0.2012987013 1
    0.0000000000  0.1948051948  0.1948051948 1
    0.0000000000  0.1883116883  0.1883116883 1
    0.0000000000  0.1818181818  0.1818181818 1
    0.0000000000  0.1753246753  0.1753246753 1
    0.0000000000  0.1688311688  0.1688311688 1
    0.0000000000  0.1623376623  0.1623376623 1
    0.0000000000  0.1558441558  0.1558441558 1
    0.0000000000  0.1493506494  0.1493506494 1
    0.0000000000  0.1428571429  0.1428571429 1
    0.0000000000  0.1363636364  0.1363636364 1
    0.0000000000  0.1298701299  0.1298701299 1
    0.0000000000  0.1233766234  0.1233766234 1
    0.0000000000  0.1168831169  0.1168831169 1
    0.0000000000  0.1103896104  0.1103896104 1
    0.0000000000  0.1038961039  0.1038961039 1
    0.0000000000  0.0974025974  0.0974025974 1
    0.0000000000  0.0909090909  0.0909090909 1
    0.0000000000  0.0844155844  0.0844155844 1
    0.0000000000  0.0779220779  0.0779220779 1
    0.0000000000  0.0714285714  0.0714285714 1
    0.0000000000  0.0649350649  0.0649350649 1
    0.0000000000  0.0584415584  0.0584415584 1
    0.0000000000  0.0519480519  0.0519480519 1
    0.0000000000  0.0454545455  0.0454545455 1
    0.0000000000  0.0389610390  0.0389610390 1
    0.0000000000  0.0324675325  0.0324675325 1
    0.0000000000  0.0259740260  0.0259740260 1
    0.0000000000  0.0194805195  0.0194805195 1
    0.0000000000  0.0129870130  0.0129870130 1
    0.0000000000  0.0064935065  0.0064935065 1
    0.0000000000  0.0000000000  0.0000000000 1
    0.0000000000  0.0000000000  0.0151515152 1
    0.0000000000  0.0000000000  0.0303030303 1
    0.0000000000  0.0000000000  0.0454545455 1
    0.0000000000  0.0000000000  0.0606060606 1
    0.0000000000  0.0000000000  0.0757575758 1
    0.0000000000  0.0000000000  0.0909090909 1
    0.0000000000  0.0000000000  0.1060606061 1
    0.0000000000  0.0000000000  0.1212121212 1
    0.0000000000  0.0000000000  0.1363636364 1
    0.0000000000  0.0000000000  0.1515151515 1
    0.0000000000  0.0000000000  0.1666666667 1
    0.0000000000  0.0000000000  0.1818181818 1
    0.0000000000  0.0000000000  0.1969696970 1
    0.0000000000  0.0000000000  0.2121212121 1
    0.0000000000  0.0000000000  0.2272727273 1
    0.0000000000  0.0000000000  0.2424242424 1
    0.0000000000  0.0000000000  0.2575757576 1
    0.0000000000  0.0000000000  0.2727272727 1
    0.0000000000  0.0000000000  0.2878787879 1
    0.0000000000  0.0000000000  0.3030303030 1
    0.0000000000  0.0000000000  0.3181818182 1
    0.0000000000  0.0000000000  0.3333333333 1
    0.0000000000  0.0000000000  0.3484848485 1
    0.0000000000  0.0000000000  0.3636363636 1
    0.0000000000  0.0000000000  0.3787878788 1
    0.0000000000  0.0000000000  0.3939393939 1
    0.0000000000  0.0000000000  0.4090909091 1
    0.0000000000  0.0000000000  0.4242424242 1
    0.0000000000  0.0000000000  0.4393939394 1
    0.0000000000  0.0000000000  0.4545454545 1
    0.0000000000  0.0000000000  0.4696969697 1
    0.0000000000  0.0000000000  0.4848484848 1
    0.0000000000  0.0000000000  0.5000000000 1
