&input
 flfrc='nb.888.fc',
 q_in_cryst_coord=.TRUE.,
 asr='simple',
 flfrq='nb.freq',
/
431
    0.0000000000  0.0000000000  0.0000000000 1
    0.0048076923  -0.0048076923  0.0048076923 1
    0.0096153846  -0.0096153846  0.0096153846 1
    0.0144230769  -0.0144230769  0.0144230769 1
    0.0192307692  -0.0192307692  0.0192307692 1
    0.0240384615  -0.0240384615  0.0240384615 1
    0.0288461538  -0.0288461538  0.0288461538 1
    0.0336538462  -0.0336538462  0.0336538462 1
    0.0384615385  -0.0384615385  0.0384615385 1
    0.0432692308  -0.0432692308  0.0432692308 1
    0.0480769231  -0.0480769231  0.0480769231 1
    0.0528846154  -0.0528846154  0.0528846154 1
    0.0576923077  -0.0576923077  0.0576923077 1
    0.0625000000  -0.0625000000  0.0625000000 1
    0.0673076923  -0.0673076923  0.0673076923 1
    0.0721153846  -0.0721153846  0.0721153846 1
    0.0769230769  -0.0769230769  0.0769230769 1
    0.0817307692  -0.0817307692  0.0817307692 1
    0.0865384615  -0.0865384615  0.0865384615 1
    0.0913461538  -0.0913461538  0.0913461538 1
    0.0961538462  -0.0961538462  0.0961538462 1
    0.1009615385  -0.1009615385  0.1009615385 1
    0.1057692308  -0.1057692308  0.1057692308 1
    0.1105769231  -0.1105769231  0.1105769231 1
    0.1153846154  -0.1153846154  0.1153846154 1
    0.1201923077  -0.1201923077  0.1201923077 1
    0.1250000000  -0.1250000000  0.1250000000 1
    0.1298076923  -0.1298076923  0.1298076923 1
    0.1346153846  -0.1346153846  0.1346153846 1
    0.1394230769  -0.1394230769  0.1394230769 1
    0.1442307692  -0.1442307692  0.1442307692 1
    0.1490384615  -0.1490384615  0.1490384615 1
    0.1538461538  -0.1538461538  0.1538461538 1
    0.1586538462  -0.1586538462  0.1586538462 1
    0.1634615385  -0.1634615385  0.1634615385 1
    0.1682692308  -0.1682692308  0.1682692308 1
    0.1730769231  -0.1730769231  0.1730769231 1
    0.1778846154  -0.1778846154  0.1778846154 1
    0.1826923077  -0.1826923077  0.1826923077 1
    0.1875000000  -0.1875000000  0.1875000000 1
    0.1923076923  -0.1923076923  0.1923076923 1
    0.1971153846  -0.1971153846  0.1971153846 1
    0.2019230769  -0.2019230769  0.2019230769 1
    0.2067307692  -0.2067307692  0.2067307692 1
    0.2115384615  -0.2115384615  0.2115384615 1
    0.2163461538  -0.2163461538  0.2163461538 1
    0.2211538462  -0.2211538462  0.2211538462 1
    0.2259615385  -0.2259615385  0.2259615385 1
    0.2307692308  -0.2307692308  0.2307692308 1
    0.2355769231  -0.2355769231  0.2355769231 1
    0.2403846154  -0.2403846154  0.2403846154 1
    0.2451923077  -0.2451923077  0.2451923077 1
    0.2500000000  -0.2500000000  0.2500000000 1
    0.2548076923  -0.2548076923  0.2548076923 1
    0.2596153846  -0.2596153846  0.2596153846 1
    0.2644230769  -0.2644230769  0.2644230769 1
    0.2692307692  -0.2692307692  0.2692307692 1
    0.2740384615  -0.2740384615  0.2740384615 1
    0.2788461538  -0.2788461538  0.2788461538 1
    0.2836538462  -0.2836538462  0.2836538462 1
    0.2884615385  -0.2884615385  0.2884615385 1
    0.2932692308  -0.2932692308  0.2932692308 1
    0.2980769231  -0.2980769231  0.2980769231 1
    0.3028846154  -0.3028846154  0.3028846154 1
    0.3076923077  -0.3076923077  0.3076923077 1
    0.3125000000  -0.3125000000  0.3125000000 1
    0.3173076923  -0.3173076923  0.3173076923 1
    0.3221153846  -0.3221153846  0.3221153846 1
    0.3269230769  -0.3269230769  0.3269230769 1
    0.3317307692  -0.3317307692  0.3317307692 1
    0.3365384615  -0.3365384615  0.3365384615 1
    0.3413461538  -0.3413461538  0.3413461538 1
    0.3461538462  -0.3461538462  0.3461538462 1
    0.3509615385  -0.3509615385  0.3509615385 1
    0.3557692308  -0.3557692308  0.3557692308 1
    0.3605769231  -0.3605769231  0.3605769231 1
    0.3653846154  -0.3653846154  0.3653846154 1
    0.3701923077  -0.3701923077  0.3701923077 1
    0.3750000000  -0.3750000000  0.3750000000 1
    0.3798076923  -0.3798076923  0.3798076923 1
    0.3846153846  -0.3846153846  0.3846153846 1
    0.3894230769  -0.3894230769  0.3894230769 1
    0.3942307692  -0.3942307692  0.3942307692 1
    0.3990384615  -0.3990384615  0.3990384615 1
    0.4038461538  -0.4038461538  0.4038461538 1
    0.4086538462  -0.4086538462  0.4086538462 1
    0.4134615385  -0.4134615385  0.4134615385 1
    0.4182692308  -0.4182692308  0.4182692308 1
    0.4230769231  -0.4230769231  0.4230769231 1
    0.4278846154  -0.4278846154  0.4278846154 1
    0.4326923077  -0.4326923077  0.4326923077 1
    0.4375000000  -0.4375000000  0.4375000000 1
    0.4423076923  -0.4423076923  0.4423076923 1
    0.4471153846  -0.4471153846  0.4471153846 1
    0.4519230769  -0.4519230769  0.4519230769 1
    0.4567307692  -0.4567307692  0.4567307692 1
    0.4615384615  -0.4615384615  0.4615384615 1
    0.4663461538  -0.4663461538  0.4663461538 1
    0.4711538462  -0.4711538462  0.4711538462 1
    0.4759615385  -0.4759615385  0.4759615385 1
    0.4807692308  -0.4807692308  0.4807692308 1
    0.4855769231  -0.4855769231  0.4855769231 1
    0.4903846154  -0.4903846154  0.4903846154 1
    0.4951923077  -0.4951923077  0.4951923077 1
    0.5000000000  -0.5000000000  0.5000000000 1
    0.4931506849  -0.4931506849  0.5000000000 1
    0.4863013699  -0.4863013699  0.5000000000 1
    0.4794520548  -0.4794520548  0.5000000000 1
    0.4726027397  -0.4726027397  0.5000000000 1
    0.4657534247  -0.4657534247  0.5000000000 1
    0.4589041096  -0.4589041096  0.5000000000 1
    0.4520547945  -0.4520547945  0.5000000000 1
    0.4452054795  -0.4452054795  0.5000000000 1
    0.4383561644  -0.4383561644  0.5000000000 1
    0.4315068493  -0.4315068493  0.5000000000 1
    0.4246575342  -0.4246575342  0.5000000000 1
    0.4178082192  -0.4178082192  0.5000000000 1
    0.4109589041  -0.4109589041  0.5000000000 1
    0.4041095890  -0.4041095890  0.5000000000 1
    0.3972602740  -0.3972602740  0.5000000000 1
    0.3904109589  -0.3904109589  0.5000000000 1
    0.3835616438  -0.3835616438  0.5000000000 1
    0.3767123288  -0.3767123288  0.5000000000 1
    0.3698630137  -0.3698630137  0.5000000000 1
    0.3630136986  -0.3630136986  0.5000000000 1
    0.3561643836  -0.3561643836  0.5000000000 1
    0.3493150685  -0.3493150685  0.5000000000 1
    0.3424657534  -0.3424657534  0.5000000000 1
    0.3356164384  -0.3356164384  0.5000000000 1
    0.3287671233  -0.3287671233  0.5000000000 1
    0.3219178082  -0.3219178082  0.5000000000 1
    0.3150684932  -0.3150684932  0.5000000000 1
    0.3082191781  -0.3082191781  0.5000000000 1
    0.3013698630  -0.3013698630  0.5000000000 1
    0.2945205479  -0.2945205479  0.5000000000 1
    0.2876712329  -0.2876712329  0.5000000000 1
    0.2808219178  -0.2808219178  0.5000000000 1
    0.2739726027  -0.2739726027  0.5000000000 1
    0.2671232877  -0.2671232877  0.5000000000 1
    0.2602739726  -0.2602739726  0.5000000000 1
    0.2534246575  -0.2534246575  0.5000000000 1
    0.2465753425  -0.2465753425  0.5000000000 1
    0.2397260274  -0.2397260274  0.5000000000 1
    0.2328767123  -0.2328767123  0.5000000000 1
    0.2260273973  -0.2260273973  0.5000000000 1
    0.2191780822  -0.2191780822  0.5000000000 1
    0.2123287671  -0.2123287671  0.5000000000 1
    0.2054794521  -0.2054794521  0.5000000000 1
    0.1986301370  -0.1986301370  0.5000000000 1
    0.1917808219  -0.1917808219  0.5000000000 1
    0.1849315068  -0.1849315068  0.5000000000 1
    0.1780821918  -0.1780821918  0.5000000000 1
    0.1712328767  -0.1712328767  0.5000000000 1
    0.1643835616  -0.1643835616  0.5000000000 1
    0.1575342466  -0.1575342466  0.5000000000 1
    0.1506849315  -0.1506849315  0.5000000000 1
    0.1438356164  -0.1438356164  0.5000000000 1
    0.1369863014  -0.1369863014  0.5000000000 1
    0.1301369863  -0.1301369863  0.5000000000 1
    0.1232876712  -0.1232876712  0.5000000000 1
    0.1164383562  -0.1164383562  0.5000000000 1
    0.1095890411  -0.1095890411  0.5000000000 1
    0.1027397260  -0.1027397260  0.5000000000 1
    0.0958904110  -0.0958904110  0.5000000000 1
    0.0890410959  -0.0890410959  0.5000000000 1
    0.0821917808  -0.0821917808  0.5000000000 1
    0.0753424658  -0.0753424658  0.5000000000 1
    0.0684931507  -0.0684931507  0.5000000000 1
    0.0616438356  -0.0616438356  0.5000000000 1
    0.0547945205  -0.0547945205  0.5000000000 1
    0.0479452055  -0.0479452055  0.5000000000 1
    0.0410958904  -0.0410958904  0.5000000000 1
    0.0342465753  -0.0342465753  0.5000000000 1
    0.0273972603  -0.0273972603  0.5000000000 1
    0.0205479452  -0.0205479452  0.5000000000 1
    0.0136986301  -0.0136986301  0.5000000000 1
    0.0068493151  -0.0068493151  0.5000000000 1
    0.0000000000  0.0000000000  0.5000000000 1
    0.0000000000  0.0000000000  0.4931506849 1
    0.0000000000  0.0000000000  0.4863013699 1
    0.0000000000  0.0000000000  0.4794520548 1
    0.0000000000  0.0000000000  0.4726027397 1
    0.0000000000  0.0000000000  0.4657534247 1
    0.0000000000  0.0000000000  0.4589041096 1
    0.0000000000  0.0000000000  0.4520547945 1
    0.0000000000  0.0000000000  0.4452054795 1
    0.0000000000  0.0000000000  0.4383561644 1
    0.0000000000  0.0000000000  0.4315068493 1
    0.0000000000  0.0000000000  0.4246575342 1
    0.0000000000  0.0000000000  0.4178082192 1
    0.0000000000  0.0000000000  0.4109589041 1
    0.0000000000  0.0000000000  0.4041095890 1
    0.0000000000  0.0000000000  0.3972602740 1
    0.0000000000  0.0000000000  0.3904109589 1
    0.0000000000  0.0000000000  0.3835616438 1
    0.0000000000  0.0000000000  0.3767123288 1
    0.0000000000  0.0000000000  0.3698630137 1
    0.0000000000  0.0000000000  0.3630136986 1
    0.0000000000  0.0000000000  0.3561643836 1
    0.0000000000  0.0000000000  0.3493150685 1
    0.0000000000  0.0000000000  0.3424657534 1
    0.0000000000  0.0000000000  0.3356164384 1
    0.0000000000  0.0000000000  0.3287671233 1
    0.0000000000  0.0000000000  0.3219178082 1
    0.0000000000  0.0000000000  0.3150684932 1
    0.0000000000  0.0000000000  0.3082191781 1
    0.0000000000  0.0000000000  0.3013698630 1
    0.0000000000  0.0000000000  0.2945205479 1
    0.0000000000  0.0000000000  0.2876712329 1
    0.0000000000  0.0000000000  0.2808219178 1
    0.0000000000  0.0000000000  0.2739726027 1
    0.0000000000  0.0000000000  0.2671232877 1
    0.0000000000  0.0000000000  0.2602739726 1
    0.0000000000  0.0000000000  0.2534246575 1
    0.0000000000  0.0000000000  0.2465753425 1
    0.0000000000  0.0000000000  0.2397260274 1
    0.0000000000  0.0000000000  0.2328767123 1
    0.0000000000  0.0000000000  0.2260273973 1
    0.0000000000  0.0000000000  0.2191780822 1
    0.0000000000  0.0000000000  0.2123287671 1
    0.0000000000  0.0000000000  0.2054794521 1
    0.0000000000  0.0000000000  0.1986301370 1
    0.0000000000  0.0000000000  0.1917808219 1
    0.0000000000  0.0000000000  0.1849315068 1
    0.0000000000  0.0000000000  0.1780821918 1
    0.0000000000  0.0000000000  0.1712328767 1
    0.0000000000  0.0000000000  0.1643835616 1
    0.0000000000  0.0000000000  0.1575342466 1
    0.0000000000  0.0000000000  0.1506849315 1
    0.0000000000  0.0000000000  0.1438356164 1
    0.0000000000  0.0000000000  0.1369863014 1
    0.0000000000  0.0000000000  0.1301369863 1
    0.0000000000  0.0000000000  0.1232876712 1
    0.0000000000  0.0000000000  0.1164383562 1
    0.0000000000  0.0000000000  0.1095890411 1
    0.0000000000  0.0000000000  0.1027397260 1
    0.0000000000  0.0000000000  0.0958904110 1
    0.0000000000  0.0000000000  0.0890410959 1
    0.0000000000  0.0000000000  0.0821917808 1
    0.0000000000  0.0000000000  0.0753424658 1
    0.0000000000  0.0000000000  0.0684931507 1
    0.0000000000  0.0000000000  0.0616438356 1
    0.0000000000  0.0000000000  0.0547945205 1
    0.0000000000  0.0000000000  0.0479452055 1
    0.0000000000  0.0000000000  0.0410958904 1
    0.0000000000  0.0000000000  0.0342465753 1
    0.0000000000  0.0000000000  0.0273972603 1
    0.0000000000  0.0000000000  0.0205479452 1
    0.0000000000  0.0000000000  0.0136986301 1
    0.0000000000  0.0000000000  0.0068493151 1
    0.0000000000  0.0000000000  0.0000000000 1
    0.0027777778  0.0027777778  0.0027777778 1
    0.0055555556  0.0055555556  0.0055555556 1
    0.0083333333  0.0083333333  0.0083333333 1
    0.0111111111  0.0111111111  0.0111111111 1
    0.0138888889  0.0138888889  0.0138888889 1
    0.0166666667  0.0166666667  0.0166666667 1
    0.0194444444  0.0194444444  0.0194444444 1
    0.0222222222  0.0222222222  0.0222222222 1
    0.0250000000  0.0250000000  0.0250000000 1
    0.0277777778  0.0277777778  0.0277777778 1
    0.0305555556  0.0305555556  0.0305555556 1
    0.0333333333  0.0333333333  0.0333333333 1
    0.0361111111  0.0361111111  0.0361111111 1
    0.0388888889  0.0388888889  0.0388888889 1
    0.0416666667  0.0416666667  0.0416666667 1
    0.0444444444  0.0444444444  0.0444444444 1
    0.0472222222  0.0472222222  0.0472222222 1
    0.0500000000  0.0500000000  0.0500000000 1
    0.0527777778  0.0527777778  0.0527777778 1
    0.0555555556  0.0555555556  0.0555555556 1
    0.0583333333  0.0583333333  0.0583333333 1
    0.0611111111  0.0611111111  0.0611111111 1
    0.0638888889  0.0638888889  0.0638888889 1
    0.0666666667  0.0666666667  0.0666666667 1
    0.0694444444  0.0694444444  0.0694444444 1
    0.0722222222  0.0722222222  0.0722222222 1
    0.0750000000  0.0750000000  0.0750000000 1
    0.0777777778  0.0777777778  0.0777777778 1
    0.0805555556  0.0805555556  0.0805555556 1
    0.0833333333  0.0833333333  0.0833333333 1
    0.0861111111  0.0861111111  0.0861111111 1
    0.0888888889  0.0888888889  0.0888888889 1
    0.0916666667  0.0916666667  0.0916666667 1
    0.0944444444  0.0944444444  0.0944444444 1
    0.0972222222  0.0972222222  0.0972222222 1
    0.1000000000  0.1000000000  0.1000000000 1
    0.1027777778  0.1027777778  0.1027777778 1
    0.1055555556  0.1055555556  0.1055555556 1
    0.1083333333  0.1083333333  0.1083333333 1
    0.1111111111  0.1111111111  0.1111111111 1
    0.1138888889  0.1138888889  0.1138888889 1
    0.1166666667  0.1166666667  0.1166666667 1
    0.1194444444  0.1194444444  0.1194444444 1
    0.1222222222  0.1222222222  0.1222222222 1
    0.1250000000  0.1250000000  0.1250000000 1
    0.1277777778  0.1277777778  0.1277777778 1
    0.1305555556  0.1305555556  0.1305555556 1
    0.1333333333  0.1333333333  0.1333333333 1
    0.1361111111  0.1361111111  0.1361111111 1
    0.1388888889  0.1388888889  0.1388888889 1
    0.1416666667  0.1416666667  0.1416666667 1
    0.1444444444  0.1444444444  0.1444444444 1
    0.1472222222  0.1472222222  0.1472222222 1
    0.1500000000  0.1500000000  0.1500000000 1
    0.1527777778  0.1527777778  0.1527777778 1
    0.1555555556  0.1555555556  0.1555555556 1
    0.1583333333  0.1583333333  0.1583333333 1
    0.1611111111  0.1611111111  0.1611111111 1
    0.1638888889  0.1638888889  0.1638888889 1
    0.1666666667  0.1666666667  0.1666666667 1
    0.1694444444  0.1694444444  0.1694444444 1
    0.1722222222  0.1722222222  0.1722222222 1
    0.1750000000  0.1750000000  0.1750000000 1
    0.1777777778  0.1777777778  0.1777777778 1
    0.1805555556  0.1805555556  0.1805555556 1
    0.1833333333  0.1833333333  0.1833333333 1
    0.1861111111  0.1861111111  0.1861111111 1
    0.1888888889  0.1888888889  0.1888888889 1
    0.1916666667  0.1916666667  0.1916666667 1
    0.1944444444  0.1944444444  0.1944444444 1
    0.1972222222  0.1972222222  0.1972222222 1
    0.2000000000  0.2000000000  0.2000000000 1
    0.2027777778  0.2027777778  0.2027777778 1
    0.2055555556  0.2055555556  0.2055555556 1
    0.2083333333  0.2083333333  0.2083333333 1
    0.2111111111  0.2111111111  0.2111111111 1
    0.2138888889  0.2138888889  0.2138888889 1
    0.2166666667  0.2166666667  0.2166666667 1
    0.2194444444  0.2194444444  0.2194444444 1
    0.2222222222  0.2222222222  0.2222222222 1
    0.2250000000  0.2250000000  0.2250000000 1
    0.2277777778  0.2277777778  0.2277777778 1
    0.2305555556  0.2305555556  0.2305555556 1
    0.2333333333  0.2333333333  0.2333333333 1
    0.2361111111  0.2361111111  0.2361111111 1
    0.2388888889  0.2388888889  0.2388888889 1
    0.2416666667  0.2416666667  0.2416666667 1
    0.2444444444  0.2444444444  0.2444444444 1
    0.2472222222  0.2472222222  0.2472222222 1
    0.2500000000  0.2500000000  0.2500000000 1
    0.2527777778  0.2416666667  0.2527777778 1
    0.2555555556  0.2333333333  0.2555555556 1
    0.2583333333  0.2250000000  0.2583333333 1
    0.2611111111  0.2166666667  0.2611111111 1
    0.2638888889  0.2083333333  0.2638888889 1
    0.2666666667  0.2000000000  0.2666666667 1
    0.2694444444  0.1916666667  0.2694444444 1
    0.2722222222  0.1833333333  0.2722222222 1
    0.2750000000  0.1750000000  0.2750000000 1
    0.2777777778  0.1666666667  0.2777777778 1
    0.2805555556  0.1583333333  0.2805555556 1
    0.2833333333  0.1500000000  0.2833333333 1
    0.2861111111  0.1416666667  0.2861111111 1
    0.2888888889  0.1333333333  0.2888888889 1
    0.2916666667  0.1250000000  0.2916666667 1
    0.2944444444  0.1166666667  0.2944444444 1
    0.2972222222  0.1083333333  0.2972222222 1
    0.3000000000  0.1000000000  0.3000000000 1
    0.3027777778  0.0916666667  0.3027777778 1
    0.3055555556  0.0833333333  0.3055555556 1
    0.3083333333  0.0750000000  0.3083333333 1
    0.3111111111  0.0666666667  0.3111111111 1
    0.3138888889  0.0583333333  0.3138888889 1
    0.3166666667  0.0500000000  0.3166666667 1
    0.3194444444  0.0416666667  0.3194444444 1
    0.3222222222  0.0333333333  0.3222222222 1
    0.3250000000  0.0250000000  0.3250000000 1
    0.3277777778  0.0166666667  0.3277777778 1
    0.3305555556  0.0083333333  0.3305555556 1
    0.3333333333  0.0000000000  0.3333333333 1
    0.3361111111  -0.0083333333  0.3361111111 1
    0.3388888889  -0.0166666667  0.3388888889 1
    0.3416666667  -0.0250000000  0.3416666667 1
    0.3444444444  -0.0333333333  0.3444444444 1
    0.3472222222  -0.0416666667  0.3472222222 1
    0.3500000000  -0.0500000000  0.3500000000 1
    0.3527777778  -0.0583333333  0.3527777778 1
    0.3555555556  -0.0666666667  0.3555555556 1
    0.3583333333  -0.0750000000  0.3583333333 1
    0.3611111111  -0.0833333333  0.3611111111 1
    0.3638888889  -0.0916666667  0.3638888889 1
    0.3666666667  -0.1000000000  0.3666666667 1
    0.3694444444  -0.1083333333  0.3694444444 1
    0.3722222222  -0.1166666667  0.3722222222 1
    0.3750000000  -0.1250000000  0.3750000000 1
    0.3777777778  -0.1333333333  0.3777777778 1
    0.3805555556  -0.1416666667  0.3805555556 1
    0.3833333333  -0.1500000000  0.3833333333 1
    0.3861111111  -0.1583333333  0.3861111111 1
    0.3888888889  -0.1666666667  0.3888888889 1
    0.3916666667  -0.1750000000  0.3916666667 1
    0.3944444444  -0.1833333333  0.3944444444 1
    0.3972222222  -0.1916666667  0.3972222222 1
    0.4000000000  -0.2000000000  0.4000000000 1
    0.4027777778  -0.2083333333  0.4027777778 1
    0.4055555556  -0.2166666667  0.4055555556 1
    0.4083333333  -0.2250000000  0.4083333333 1
    0.4111111111  -0.2333333333  0.4111111111 1
    0.4138888889  -0.2416666667  0.4138888889 1
    0.4166666667  -0.2500000000  0.4166666667 1
    0.4194444444  -0.2583333333  0.4194444444 1
    0.4222222222  -0.2666666667  0.4222222222 1
    0.4250000000  -0.2750000000  0.4250000000 1
    0.4277777778  -0.2833333333  0.4277777778 1
    0.4305555556  -0.2916666667  0.4305555556 1
    0.4333333333  -0.3000000000  0.4333333333 1
    0.4361111111  -0.3083333333  0.4361111111 1
    0.4388888889  -0.3166666667  0.4388888889 1
    0.4416666667  -0.3250000000  0.4416666667 1
    0.4444444444  -0.3333333333  0.4444444444 1
    0.4472222222  -0.3416666667  0.4472222222 1
    0.4500000000  -0.3500000000  0.4500000000 1
    0.4527777778  -0.3583333333  0.4527777778 1
    0.4555555556  -0.3666666667  0.4555555556 1
    0.4583333333  -0.3750000000  0.4583333333 1
    0.4611111111  -0.3833333333  0.4611111111 1
    0.4638888889  -0.3916666667  0.4638888889 1
    0.4666666667  -0.4000000000  0.4666666667 1
    0.4694444444  -0.4083333333  0.4694444444 1
    0.4722222222  -0.4166666667  0.4722222222 1
    0.4750000000  -0.4250000000  0.4750000000 1
    0.4777777778  -0.4333333333  0.4777777778 1
    0.4805555556  -0.4416666667  0.4805555556 1
    0.4833333333  -0.4500000000  0.4833333333 1
    0.4861111111  -0.4583333333  0.4861111111 1
    0.4888888889  -0.4666666667  0.4888888889 1
    0.4916666667  -0.4750000000  0.4916666667 1
    0.4944444444  -0.4833333333  0.4944444444 1
    0.4972222222  -0.4916666667  0.4972222222 1
    0.5000000000  -0.5000000000  0.5000000000 1
